general-projectname	general-readlength	general-readlengthr2	general-runname	general-samplename	subsample-rawreads	subsample-subsampledreads	fastqc-meanreadqualityR1	fastqc-meanreadqualityR2	fastqc-pct-adapter	fastqc-pct-deduplicated	fastqc-pct-dimer	fastqc-pct-gc	fastqc-sequencelength	fastqc-totalsequences	fastqspeciesscreen-pct-Adapters	fastqspeciesscreen-pct-Chloroplast	fastqspeciesscreen-pct-Mitochondria	fastqspeciesscreen-pct-NoHit	fastqspeciesscreen-pct-PhiX	fastqspeciesscreen-pct-Vectors	fastqspeciesscreen-pct-ecoli	fastqspeciesscreen-pct-human	fastqspeciesscreen-pct-mouse	fastqspeciesscreen-pct-rRNA
Sonnenburg_Project_005_Merged	301	301	210826_M04141_0131_000000000-JVTMF	1.A1	68610	68610	34.8	31.1	0.06	13.14	0.00	53	301	68610	0.00	0.00	0.00	0.08	0.00	0.00	0.00	0.00	0.00	99.92
Sonnenburg_Project_005_Merged	301	301	210826_M04141_0131_000000000-JVTMF	10	69806	69806	34.8	31.0	0.05	14.33	0.00	53	301	69806	0.00	0.00	0.00	0.12	0.00	0.00	0.00	0.00	0.00	99.88
Sonnenburg_Project_005_Merged	301	301	210826_M04141_0131_000000000-JVTMF	100	52217	52217	33.5	30.6	0.05	14.18	0.00	54	301	52217	0.00	0.00	0.00	0.11	0.01	0.00	0.00	0.00	0.00	99.88
Sonnenburg_Project_005_Merged	301	301	210826_M04141_0131_000000000-JVTMF	101	62859	62859	34.5	30.6	0.09	13.33	0.00	54	301	62859	0.00	0.00	0.00	0.04	0.00	0.00	0.00	0.00	0.00	99.96
Sonnenburg_Project_005_Merged	301	301	210826_M04141_0131_000000000-JVTMF	102	54515	54515	33.9	30.5	0.02	15.63	0.00	54	301	54515	0.00	0.00	0.00	0.08	0.01	0.00	0.00	0.00	0.00	99.91
Sonnenburg_Project_005_Merged	301	301	210826_M04141_0131_000000000-JVTMF	103	59655	59655	34.4	30.7	0.04	13.76	0.00	53	301	59655	0.00	0.00	0.00	0.22	0.00	0.00	0.00	0.00	0.00	99.78
Sonnenburg_Project_005_Merged	301	301	210826_M04141_0131_000000000-JVTMF	104	33172	33172	34.4	29.9	0.01	16.53	0.00	55	301	33172	0.00	0.00	0.00	0.06	0.00	0.00	0.00	0.00	0.00	99.94
Sonnenburg_Project_005_Merged	301	301	210826_M04141_0131_000000000-JVTMF	105	70705	70705	34.2	30.5	0.04	14.46	0.00	54	301	70705	0.00	0.00	0.00	0.09	0.00	0.00	0.00	0.00	0.00	99.91
Sonnenburg_Project_005_Merged	301	301	210826_M04141_0131_000000000-JVTMF	106	62637	62637	34.4	30.9	0.02	14.43	0.00	53	301	62637	0.00	0.00	0.00	0.07	0.00	0.00	0.00	0.00	0.00	99.93
Sonnenburg_Project_005_Merged	301	301	210826_M04141_0131_000000000-JVTMF	107.B1	69985	69985	34.3	30.1	0.14	12.49	0.00	57	301	69985	0.00	0.00	0.00	0.15	0.00	0.00	0.00	0.00	0.00	99.85
Sonnenburg_Project_005_Merged	301	301	210826_M04141_0131_000000000-JVTMF	108	75787	75787	34.3	30.5	0.07	12.25	0.00	55	301	75787	0.00	0.00	0.00	0.17	0.01	0.00	0.00	0.00	0.01	99.81
Sonnenburg_Project_005_Merged	301	301	210826_M04141_0131_000000000-JVTMF	109	87729	87729	34.3	30.5	0.03	14.05	0.00	55	301	87729	0.00	0.00	0.00	0.03	0.00	0.00	0.00	0.00	0.00	99.97
Sonnenburg_Project_005_Merged	301	301	210826_M04141_0131_000000000-JVTMF	11	70299	70299	34.9	31.2	0.07	11.29	0.00	53	301	70299	0.00	0.00	0.00	0.07	0.00	0.00	0.00	0.00	0.00	99.93
Sonnenburg_Project_005_Merged	301	301	210826_M04141_0131_000000000-JVTMF	110	87318	87318	34.5	31.1	0.05	12.06	0.00	53	301	87318	0.00	0.00	0.00	0.06	0.00	0.00	0.00	0.00	0.00	99.94
Sonnenburg_Project_005_Merged	301	301	210826_M04141_0131_000000000-JVTMF	111	81731	81731	34.5	31.1	0.07	12.70	0.00	53	301	81731	0.00	0.01	0.00	0.11	0.00	0.00	0.00	0.00	0.00	99.88
Sonnenburg_Project_005_Merged	301	301	210826_M04141_0131_000000000-JVTMF	112	98337	98337	34.6	30.9	0.08	12.00	0.00	54	301	98337	0.00	0.00	0.00	0.18	0.00	0.00	0.00	0.01	0.00	99.81
Sonnenburg_Project_005_Merged	301	301	210826_M04141_0131_000000000-JVTMF	113	86768	86768	34.4	30.5	0.09	14.29	0.00	54	301	86768	0.00	0.00	0.00	0.07	0.00	0.00	0.00	0.01	0.00	99.92
Sonnenburg_Project_005_Merged	301	301	210826_M04141_0131_000000000-JVTMF	114	79559	79559	34.7	31.1	0.08	12.42	0.00	53	301	79559	0.00	0.00	0.00	0.16	0.00	0.00	0.00	0.00	0.00	99.84
Sonnenburg_Project_005_Merged	301	301	210826_M04141_0131_000000000-JVTMF	115	82217	82217	34.5	30.7	0.06	13.92	0.00	53	301	82217	0.00	0.00	0.00	0.16	0.01	0.00	0.00	0.00	0.00	99.83
Sonnenburg_Project_005_Merged	301	301	210826_M04141_0131_000000000-JVTMF	116	68119	68119	34.4	30.0	0.14	14.51	0.00	54	301	68119	0.00	0.00	0.00	0.10	0.00	0.00	0.00	0.00	0.00	99.90
Sonnenburg_Project_005_Merged	301	301	210826_M04141_0131_000000000-JVTMF	117	93265	93265	34.5	30.7	0.03	13.46	0.00	54	301	93265	0.00	0.00	0.00	0.09	0.00	0.00	0.00	0.00	0.00	99.91
Sonnenburg_Project_005_Merged	301	301	210826_M04141_0131_000000000-JVTMF	118	90755	90755	34.5	31.0	0.03	12.95	0.00	53	301	90755	0.00	0.00	0.00	0.12	0.01	0.00	0.00	0.00	0.00	99.87
Sonnenburg_Project_005_Merged	301	301	210826_M04141_0131_000000000-JVTMF	119.C1	79874	79874	33.5	30.1	0.06	14.68	0.00	52	301	79874	0.00	0.00	0.00	0.05	0.00	0.00	0.00	0.01	0.00	99.94
Sonnenburg_Project_005_Merged	301	301	210826_M04141_0131_000000000-JVTMF	12	63921	63921	34.8	30.8	0.07	12.06	0.00	55	301	63921	0.00	0.00	0.00	0.21	0.00	0.00	0.00	0.01	0.00	99.78
Sonnenburg_Project_005_Merged	301	301	210826_M04141_0131_000000000-JVTMF	120	80823	80823	34.5	30.2	0.10	12.17	0.00	55	301	80823	0.00	0.00	0.00	0.03	0.00	0.00	0.00	0.00	0.00	99.97
Sonnenburg_Project_005_Merged	301	301	210826_M04141_0131_000000000-JVTMF	121	96009	96009	34.5	30.4	0.06	12.60	0.00	54	301	96009	0.00	0.00	0.00	0.03	0.00	0.00	0.00	0.02	0.00	99.95
Sonnenburg_Project_005_Merged	301	301	210826_M04141_0131_000000000-JVTMF	122	80238	80238	34.7	31.2	0.06	12.29	0.00	53	301	80238	0.00	0.00	0.00	0.08	0.00	0.00	0.00	0.00	0.00	99.92
Sonnenburg_Project_005_Merged	301	301	210826_M04141_0131_000000000-JVTMF	123	90539	90539	34.3	30.4	0.09	14.68	0.00	54	301	90539	0.00	0.00	0.00	0.03	0.00	0.00	0.00	0.00	0.00	99.97
Sonnenburg_Project_005_Merged	301	301	210826_M04141_0131_000000000-JVTMF	124	94872	94872	34.5	30.7	0.09	12.36	0.00	54	301	94872	0.00	0.00	0.00	0.10	0.00	0.00	0.00	0.00	0.00	99.90
Sonnenburg_Project_005_Merged	301	301	210826_M04141_0131_000000000-JVTMF	125	78182	78182	34.5	30.4	0.06	14.40	0.00	54	301	78182	0.00	0.00	0.00	0.08	0.00	0.00	0.00	0.00	0.00	99.92
Sonnenburg_Project_005_Merged	301	301	210826_M04141_0131_000000000-JVTMF	126	61603	61603	34.4	31.0	0.03	13.35	0.00	53	301	61603	0.00	0.00	0.00	0.06	0.00	0.00	0.00	0.00	0.00	99.94
Sonnenburg_Project_005_Merged	301	301	210826_M04141_0131_000000000-JVTMF	127	64805	64805	34.6	30.4	0.03	13.17	0.00	54	301	64805	0.00	0.00	0.00	0.09	0.00	0.00	0.00	0.00	0.00	99.91
Sonnenburg_Project_005_Merged	301	301	210826_M04141_0131_000000000-JVTMF	128	74118	74118	34.6	30.2	0.03	13.79	0.00	53	301	74118	0.00	0.00	0.00	0.09	0.00	0.00	0.00	0.00	0.00	99.91
Sonnenburg_Project_005_Merged	301	301	210826_M04141_0131_000000000-JVTMF	129	83850	83850	34.4	30.9	0.04	12.12	0.00	53	301	83850	0.00	0.00	0.00	0.11	0.00	0.00	0.00	0.00	0.00	99.89
Sonnenburg_Project_005_Merged	301	301	210826_M04141_0131_000000000-JVTMF	13.B1	59696	59696	34.6	31.1	0.02	13.02	0.00	53	301	59696	0.00	0.00	0.00	0.09	0.00	0.00	0.00	0.00	0.00	99.91
Sonnenburg_Project_005_Merged	301	301	210826_M04141_0131_000000000-JVTMF	130	77973	77973	34.6	30.9	0.08	13.03	0.00	54	301	77973	0.00	0.00	0.00	0.15	0.00	0.00	0.00	0.00	0.00	99.85
Sonnenburg_Project_005_Merged	301	301	210826_M04141_0131_000000000-JVTMF	131.D1	39009	39009	32.7	30.1	0.02	16.78	0.00	55	301	39009	0.00	0.00	0.00	0.13	0.02	0.00	0.00	0.03	0.00	99.82
Sonnenburg_Project_005_Merged	301	301	210826_M04141_0131_000000000-JVTMF	132	14500	14500	31.4	29.6	0.01	25.23	0.00	54	301	14500	0.00	0.00	0.00	0.12	0.27	0.00	0.00	0.04	0.01	99.56
Sonnenburg_Project_005_Merged	301	301	210826_M04141_0131_000000000-JVTMF	133	54106	54106	33.2	30.7	0.02	15.43	0.00	53	301	54106	0.00	0.00	0.00	0.10	0.00	0.00	0.00	0.01	0.00	99.89
Sonnenburg_Project_005_Merged	301	301	210826_M04141_0131_000000000-JVTMF	134	18139	18139	31.7	30.3	0.01	20.71	0.00	55	301	18139	0.00	0.00	0.00	0.13	0.19	0.00	0.00	0.06	0.00	99.62
Sonnenburg_Project_005_Merged	301	301	210826_M04141_0131_000000000-JVTMF	135	45723	45723	32.9	30.8	0.02	14.61	0.00	53	301	45723	0.00	0.00	0.00	0.05	0.03	0.00	0.00	0.02	0.00	99.90
Sonnenburg_Project_005_Merged	301	301	210826_M04141_0131_000000000-JVTMF	136	22405	22405	32.1	30.7	0.01	16.46	0.00	54	301	22405	0.00	0.00	0.00	0.05	0.11	0.00	0.00	0.01	0.06	99.77
Sonnenburg_Project_005_Merged	301	301	210826_M04141_0131_000000000-JVTMF	137	15889	15889	31.4	29.8	0.01	22.86	0.00	54	301	15889	0.00	0.00	0.00	0.13	0.20	0.00	0.00	0.02	0.00	99.65
Sonnenburg_Project_005_Merged	301	301	210826_M04141_0131_000000000-JVTMF	138	34487	34487	32.8	30.8	0.02	15.83	0.00	53	301	34487	0.00	0.00	0.00	0.06	0.05	0.00	0.00	0.01	0.00	99.88
Sonnenburg_Project_005_Merged	301	301	210826_M04141_0131_000000000-JVTMF	139	6542	6542	31.3	29.3	0.01	27.07	0.00	55	301	6542	0.00	0.00	0.00	0.21	0.28	0.00	0.00	0.05	0.00	99.46
Sonnenburg_Project_005_Merged	301	301	210826_M04141_0131_000000000-JVTMF	14	65623	65623	34.3	30.9	0.16	13.04	0.00	54	301	65623	0.00	0.00	0.00	0.14	0.00	0.00	0.00	0.00	0.00	99.86
Sonnenburg_Project_005_Merged	301	301	210826_M04141_0131_000000000-JVTMF	140	15759	15759	31.6	29.8	0.01	20.00	0.00	54	301	15759	0.00	0.00	0.00	0.18	0.03	0.00	0.00	0.01	0.00	99.78
Sonnenburg_Project_005_Merged	301	301	210826_M04141_0131_000000000-JVTMF	141	19433	19433	31.7	30.4	0.00	20.22	0.00	54	301	19433	0.00	0.00	0.00	0.11	0.14	0.00	0.00	0.00	0.01	99.74
Sonnenburg_Project_005_Merged	301	301	210826_M04141_0131_000000000-JVTMF	142	41264	41264	32.5	30.4	0.01	18.20	0.00	54	301	41264	0.00	0.00	0.00	0.08	0.08	0.00	0.00	0.02	0.00	99.82
Sonnenburg_Project_005_Merged	301	301	210826_M04141_0131_000000000-JVTMF	143.E1	28748	28748	32.0	30.1	0.02	20.08	0.00	53	301	28748	0.00	0.00	0.00	0.11	0.11	0.00	0.00	0.02	0.00	99.76
Sonnenburg_Project_005_Merged	301	301	210826_M04141_0131_000000000-JVTMF	144	15482	15482	32.0	30.2	0.00	21.70	0.00	54	301	15482	0.00	0.00	0.00	0.08	0.14	0.00	0.00	0.01	0.00	99.77
Sonnenburg_Project_005_Merged	301	301	210826_M04141_0131_000000000-JVTMF	145	65780	65780	34.0	30.7	0.11	15.64	0.00	54	301	65780	0.00	0.00	0.00	0.14	0.00	0.00	0.00	0.00	0.00	99.86
Sonnenburg_Project_005_Merged	301	301	210826_M04141_0131_000000000-JVTMF	146	32072	32072	32.9	31.0	0.02	15.91	0.00	54	301	32072	0.00	0.00	0.00	0.13	0.06	0.00	0.00	0.01	0.00	99.80
Sonnenburg_Project_005_Merged	301	301	210826_M04141_0131_000000000-JVTMF	147	62382	62382	33.4	30.7	0.03	13.80	0.00	54	301	62382	0.00	0.00	0.00	0.07	0.02	0.00	0.00	0.00	0.00	99.91
Sonnenburg_Project_005_Merged	301	301	210826_M04141_0131_000000000-JVTMF	148	37069	37069	32.9	30.7	0.02	14.80	0.00	54	301	37069	0.00	0.00	0.00	0.13	0.08	0.00	0.00	0.01	0.00	99.78
Sonnenburg_Project_005_Merged	301	301	210826_M04141_0131_000000000-JVTMF	149	35207	35207	32.9	30.4	0.02	16.88	0.00	54	301	35207	0.00	0.00	0.00	0.11	0.06	0.00	0.00	0.00	0.00	99.83
Sonnenburg_Project_005_Merged	301	301	210826_M04141_0131_000000000-JVTMF	15	62285	62285	34.3	30.6	0.12	20.00	0.00	55	301	62285	0.00	0.01	0.00	0.22	0.00	0.00	0.00	0.01	0.00	99.76
Sonnenburg_Project_005_Merged	301	301	210826_M04141_0131_000000000-JVTMF	150	35004	35004	32.8	30.5	0.04	17.21	0.00	54	301	35004	0.00	0.01	0.00	0.18	0.04	0.00	0.00	0.00	0.00	99.77
Sonnenburg_Project_005_Merged	301	301	210826_M04141_0131_000000000-JVTMF	151	32528	32528	32.3	29.6	0.00	18.02	0.00	55	301	32528	0.00	0.00	0.00	0.12	0.07	0.00	0.00	0.00	0.00	99.81
Sonnenburg_Project_005_Merged	301	301	210826_M04141_0131_000000000-JVTMF	152	15367	15367	33.8	29.6	0.06	19.93	0.00	54	301	15367	0.00	0.00	0.00	0.24	0.01	0.00	0.00	0.01	0.00	99.74
Sonnenburg_Project_005_Merged	301	301	210826_M04141_0131_000000000-JVTMF	153	21918	21918	32.2	31.0	0.01	17.23	0.00	53	301	21918	0.00	0.00	0.00	0.13	0.08	0.00	0.00	0.00	0.00	99.79
Sonnenburg_Project_005_Merged	301	301	210826_M04141_0131_000000000-JVTMF	154	49227	49227	33.4	31.0	0.01	14.78	0.00	53	301	49227	0.00	0.00	0.00	0.06	0.02	0.00	0.00	0.00	0.00	99.92
Sonnenburg_Project_005_Merged	301	301	210826_M04141_0131_000000000-JVTMF	155.F1	69313	69313	34.1	30.4	0.04	14.53	0.00	54	301	69313	0.00	0.00	0.00	0.11	0.01	0.00	0.00	0.01	0.00	99.87
Sonnenburg_Project_005_Merged	301	301	210826_M04141_0131_000000000-JVTMF	156	70947	70947	34.6	30.3	0.10	12.71	0.00	54	301	70947	0.00	0.00	0.00	0.22	0.00	0.00	0.00	0.00	0.00	99.78
Sonnenburg_Project_005_Merged	301	301	210826_M04141_0131_000000000-JVTMF	157	94462	94462	34.6	30.5	0.02	12.53	0.00	54	301	94462	0.00	0.00	0.00	0.04	0.01	0.00	0.00	0.00	0.00	99.95
Sonnenburg_Project_005_Merged	301	301	210826_M04141_0131_000000000-JVTMF	158	65349	65349	34.7	30.9	0.03	12.60	0.00	53	301	65349	0.00	0.00	0.00	0.05	0.00	0.00	0.00	0.00	0.00	99.95
Sonnenburg_Project_005_Merged	301	301	210826_M04141_0131_000000000-JVTMF	159	75553	75553	34.1	30.3	0.09	13.05	0.00	55	301	75553	0.00	0.00	0.00	0.26	0.00	0.00	0.00	0.00	0.00	99.74
Sonnenburg_Project_005_Merged	301	301	210826_M04141_0131_000000000-JVTMF	16	73280	73280	34.5	31.0	0.04	13.56	0.00	53	301	73280	0.00	0.00	0.00	0.10	0.01	0.00	0.00	0.00	0.00	99.89
Sonnenburg_Project_005_Merged	301	301	210826_M04141_0131_000000000-JVTMF	160	75974	75974	34.6	30.5	0.06	13.95	0.00	54	301	75974	0.00	0.00	0.00	0.15	0.00	0.00	0.00	0.00	0.00	99.85
Sonnenburg_Project_005_Merged	301	301	210826_M04141_0131_000000000-JVTMF	161	72598	72598	34.4	30.1	0.06	14.65	0.00	55	301	72598	0.00	0.00	0.00	0.12	0.00	0.00	0.00	0.00	0.00	99.88
Sonnenburg_Project_005_Merged	301	301	210826_M04141_0131_000000000-JVTMF	162	67997	67997	34.2	30.2	0.08	14.67	0.00	54	301	67997	0.00	0.00	0.00	0.17	0.00	0.00	0.00	0.00	0.00	99.83
Sonnenburg_Project_005_Merged	301	301	210826_M04141_0131_000000000-JVTMF	163	62136	62136	34.2	30.1	0.03	15.11	0.00	54	301	62136	0.00	0.00	0.00	0.10	0.00	0.00	0.00	0.00	0.00	99.90
Sonnenburg_Project_005_Merged	301	301	210826_M04141_0131_000000000-JVTMF	164	57632	57632	34.4	29.9	0.14	13.14	0.00	53	301	57632	0.00	0.00	0.00	0.15	0.00	0.00	0.00	0.00	0.02	99.83
Sonnenburg_Project_005_Merged	301	301	210826_M04141_0131_000000000-JVTMF	165	78685	78685	34.4	30.2	0.08	14.30	0.00	54	301	78685	0.00	0.00	0.00	0.16	0.00	0.00	0.00	0.00	0.00	99.84
Sonnenburg_Project_005_Merged	301	301	210826_M04141_0131_000000000-JVTMF	166	98119	98119	34.4	30.4	0.03	13.41	0.00	55	301	98119	0.00	0.00	0.00	0.08	0.00	0.00	0.00	0.00	0.00	99.92
Sonnenburg_Project_005_Merged	301	301	210826_M04141_0131_000000000-JVTMF	167.G1	66914	66914	34.1	30.1	0.08	13.66	0.00	56	301	66914	0.00	0.00	0.00	0.21	0.00	0.00	0.00	0.00	0.00	99.79
Sonnenburg_Project_005_Merged	301	301	210826_M04141_0131_000000000-JVTMF	168	85076	85076	34.0	30.5	0.07	12.60	0.00	54	301	85076	0.00	0.00	0.00	0.09	0.00	0.00	0.00	0.00	0.00	99.91
Sonnenburg_Project_005_Merged	301	301	210826_M04141_0131_000000000-JVTMF	169	108916	108916	34.5	30.9	0.02	11.28	0.00	53	301	108916	0.00	0.00	0.00	0.08	0.00	0.00	0.00	0.00	0.00	99.92
Sonnenburg_Project_005_Merged	301	301	210826_M04141_0131_000000000-JVTMF	17	62103	62103	34.4	30.9	0.09	14.02	0.00	53	301	62103	0.00	0.00	0.00	0.10	0.00	0.00	0.00	0.00	0.00	99.90
Sonnenburg_Project_005_Merged	301	301	210826_M04141_0131_000000000-JVTMF	170	65630	65630	33.5	30.7	0.06	12.98	0.00	54	301	65630	0.00	0.00	0.00	0.17	0.01	0.00	0.00	0.00	0.00	99.82
Sonnenburg_Project_005_Merged	301	301	210826_M04141_0131_000000000-JVTMF	171	100387	100387	34.3	30.7	0.06	11.93	0.00	53	301	100387	0.00	0.00	0.00	0.16	0.00	0.00	0.00	0.00	0.00	99.84
Sonnenburg_Project_005_Merged	301	301	210826_M04141_0131_000000000-JVTMF	172	64435	64435	33.9	30.6	0.06	11.66	0.00	53	301	64435	0.00	0.00	0.00	0.18	0.00	0.00	0.00	0.00	0.00	99.82
Sonnenburg_Project_005_Merged	301	301	210826_M04141_0131_000000000-JVTMF	173	80101	80101	34.1	30.2	0.05	13.97	0.00	55	301	80101	0.00	0.00	0.00	0.13	0.00	0.00	0.00	0.00	0.00	99.87
Sonnenburg_Project_005_Merged	301	301	210826_M04141_0131_000000000-JVTMF	174	65523	65523	34.2	30.7	0.20	13.52	0.00	53	301	65523	0.00	0.00	0.00	0.16	0.00	0.00	0.00	0.00	0.00	99.84
Sonnenburg_Project_005_Merged	301	301	210826_M04141_0131_000000000-JVTMF	175	60172	60172	34.2	30.4	0.02	14.35	0.00	54	301	60172	0.00	0.00	0.00	0.08	0.00	0.00	0.00	0.00	0.00	99.92
Sonnenburg_Project_005_Merged	301	301	210826_M04141_0131_000000000-JVTMF	176	55908	55908	34.0	29.3	0.10	17.07	0.00	55	301	55908	0.00	0.00	0.00	0.13	0.00	0.00	0.00	0.00	0.00	99.87
Sonnenburg_Project_005_Merged	301	301	210826_M04141_0131_000000000-JVTMF	177	57713	57713	33.3	31.0	0.06	14.09	0.00	54	301	57713	0.00	0.00	0.00	0.10	0.00	0.00	0.00	0.00	0.00	99.90
Sonnenburg_Project_005_Merged	301	301	210826_M04141_0131_000000000-JVTMF	178	85990	85990	34.1	30.6	0.06	14.05	0.00	53	301	85990	0.00	0.00	0.00	0.10	0.00	0.00	0.00	0.00	0.00	99.90
Sonnenburg_Project_005_Merged	301	301	210826_M04141_0131_000000000-JVTMF	179.H1	43875	43875	33.7	30.6	0.07	13.97	0.00	53	301	43875	0.00	0.00	0.00	0.09	0.02	0.00	0.00	0.00	0.00	99.89
Sonnenburg_Project_005_Merged	301	301	210826_M04141_0131_000000000-JVTMF	18	72000	72000	33.9	30.2	0.16	13.47	0.00	56	301	72000	0.00	0.00	0.00	0.08	0.00	0.00	0.00	0.01	0.00	99.91
Sonnenburg_Project_005_Merged	301	301	210826_M04141_0131_000000000-JVTMF	180	66423	66423	34.5	30.5	0.12	14.60	0.00	55	301	66423	0.00	0.00	0.00	0.31	0.01	0.00	0.00	0.00	0.00	99.68
Sonnenburg_Project_005_Merged	301	301	210826_M04141_0131_000000000-JVTMF	181	86995	86995	34.3	30.3	0.06	14.60	0.00	55	301	86995	0.00	0.00	0.00	0.13	0.00	0.00	0.00	0.00	0.00	99.87
Sonnenburg_Project_005_Merged	301	301	210826_M04141_0131_000000000-JVTMF	182	69676	69676	34.5	30.7	0.09	12.71	0.00	55	301	69676	0.00	0.00	0.00	0.18	0.00	0.00	0.00	0.00	0.00	99.82
Sonnenburg_Project_005_Merged	301	301	210826_M04141_0131_000000000-JVTMF	183	70415	70415	34.5	30.6	0.10	15.39	0.00	54	301	70415	0.00	0.00	0.00	0.10	0.00	0.00	0.01	0.00	0.00	99.89
Sonnenburg_Project_005_Merged	301	301	210826_M04141_0131_000000000-JVTMF	184	79071	79071	34.4	30.7	0.11	10.83	0.00	53	301	79071	0.00	0.00	0.00	0.17	0.00	0.00	0.00	0.00	0.00	99.83
Sonnenburg_Project_005_Merged	301	301	210826_M04141_0131_000000000-JVTMF	185	69718	69718	34.3	30.1	0.11	14.85	0.00	55	301	69718	0.00	0.00	0.00	0.11	0.00	0.00	0.00	0.00	0.00	99.89
Sonnenburg_Project_005_Merged	301	301	210826_M04141_0131_000000000-JVTMF	186	47834	47834	34.1	30.4	0.35	15.66	0.00	54	301	47834	0.00	0.00	0.00	0.19	0.00	0.00	0.00	0.00	0.00	99.81
Sonnenburg_Project_005_Merged	301	301	210826_M04141_0131_000000000-JVTMF	187	44190	44190	34.7	31.0	0.10	12.19	0.00	53	301	44190	0.00	0.01	0.00	0.23	0.00	0.00	0.00	0.00	0.00	99.76
Sonnenburg_Project_005_Merged	301	301	210826_M04141_0131_000000000-JVTMF	188	60898	60898	34.3	29.9	0.05	15.50	0.00	54	301	60898	0.00	0.00	0.00	0.12	0.00	0.00	0.00	0.00	0.01	99.87
Sonnenburg_Project_005_Merged	301	301	210826_M04141_0131_000000000-JVTMF	189.A1	48615	48615	34.2	30.4	0.09	15.79	0.00	54	301	48615	0.00	0.00	0.00	0.18	0.00	0.00	0.00	0.00	0.00	99.82
Sonnenburg_Project_005_Merged	301	301	210826_M04141_0131_000000000-JVTMF	19	70725	70725	34.3	30.7	0.09	12.80	0.00	54	301	70725	0.00	0.00	0.00	0.13	0.00	0.00	0.00	0.01	0.00	99.86
Sonnenburg_Project_005_Merged	301	301	210826_M04141_0131_000000000-JVTMF	190	68847	68847	34.3	30.8	0.15	13.75	0.00	53	301	68847	0.00	0.00	0.00	0.15	0.00	0.00	0.00	0.00	0.00	99.85
Sonnenburg_Project_005_Merged	301	301	210826_M04141_0131_000000000-JVTMF	191	71960	71960	34.2	30.3	0.04	13.55	0.00	56	301	71960	0.00	0.00	0.00	0.10	0.00	0.00	0.00	0.00	0.00	99.90
Sonnenburg_Project_005_Merged	301	301	210826_M04141_0131_000000000-JVTMF	192	57018	57018	34.6	30.7	0.11	13.31	0.00	54	301	57018	0.00	0.00	0.00	0.15	0.01	0.00	0.00	0.00	0.00	99.84
Sonnenburg_Project_005_Merged	301	301	210826_M04141_0131_000000000-JVTMF	193	69135	69135	34.5	30.8	0.14	14.02	0.00	54	301	69135	0.00	0.00	0.00	0.17	0.00	0.00	0.00	0.00	0.00	99.83
Sonnenburg_Project_005_Merged	301	301	210826_M04141_0131_000000000-JVTMF	194	82508	82508	34.3	30.4	0.08	14.35	0.00	54	301	82508	0.00	0.00	0.00	0.12	0.00	0.00	0.00	0.00	0.00	99.88
Sonnenburg_Project_005_Merged	301	301	210826_M04141_0131_000000000-JVTMF	195	87977	87977	34.2	30.6	0.04	13.87	0.00	54	301	87977	0.00	0.00	0.00	0.03	0.00	0.00	0.00	0.00	0.00	99.97
Sonnenburg_Project_005_Merged	301	301	210826_M04141_0131_000000000-JVTMF	196	80134	80134	34.1	30.5	0.05	14.32	0.00	53	301	80134	0.00	0.00	0.00	0.09	0.00	0.00	0.00	0.00	0.00	99.91
Sonnenburg_Project_005_Merged	301	301	210826_M04141_0131_000000000-JVTMF	197	65060	65060	34.4	30.0	0.09	14.80	0.00	54	301	65060	0.00	0.00	0.00	0.15	0.00	0.00	0.00	0.01	0.00	99.84
Sonnenburg_Project_005_Merged	301	301	210826_M04141_0131_000000000-JVTMF	198	59086	59086	33.9	31.2	0.05	12.54	0.00	53	301	59086	0.00	0.00	0.00	0.10	0.00	0.00	0.00	0.00	0.00	99.90
Sonnenburg_Project_005_Merged	301	301	210826_M04141_0131_000000000-JVTMF	199	74656	74656	34.3	30.5	0.04	14.59	0.00	53	301	74656	0.00	0.00	0.00	0.08	0.00	0.00	0.00	0.00	0.00	99.92
Sonnenburg_Project_005_Merged	301	301	210826_M04141_0131_000000000-JVTMF	2	66714	66714	34.6	30.8	0.11	13.56	0.00	54	301	66714	0.00	0.00	0.00	0.11	0.01	0.00	0.00	0.00	0.00	99.88
Sonnenburg_Project_005_Merged	301	301	210826_M04141_0131_000000000-JVTMF	20	44317	44317	34.4	30.5	0.05	13.87	0.00	54	301	44317	0.00	0.00	0.00	0.08	0.00	0.00	0.00	0.00	0.01	99.91
Sonnenburg_Project_005_Merged	301	301	210826_M04141_0131_000000000-JVTMF	200	70250	70250	34.1	30.3	0.08	14.50	0.00	55	301	70250	0.00	0.00	0.00	0.06	0.00	0.00	0.00	0.00	0.00	99.94
Sonnenburg_Project_005_Merged	301	301	210826_M04141_0131_000000000-JVTMF	201.B1	76702	76702	34.6	30.6	0.05	12.80	0.00	54	301	76702	0.00	0.00	0.00	0.09	0.00	0.00	0.00	0.00	0.00	99.91
Sonnenburg_Project_005_Merged	301	301	210826_M04141_0131_000000000-JVTMF	202	87818	87818	34.6	31.2	0.10	10.92	0.00	52	301	87818	0.00	0.00	0.00	0.14	0.00	0.00	0.00	0.00	0.00	99.86
Sonnenburg_Project_005_Merged	301	301	210826_M04141_0131_000000000-JVTMF	203	79717	79717	34.6	30.9	0.03	12.22	0.00	54	301	79717	0.00	0.00	0.00	0.07	0.00	0.00	0.00	0.00	0.00	99.93
Sonnenburg_Project_005_Merged	301	301	210826_M04141_0131_000000000-JVTMF	204	93374	93374	34.7	30.9	0.07	11.47	0.00	54	301	93374	0.00	0.00	0.00	0.12	0.00	0.00	0.00	0.00	0.00	99.88
Sonnenburg_Project_005_Merged	301	301	210826_M04141_0131_000000000-JVTMF	205.1	98096	98096	34.6	30.9	0.10	11.47	0.00	55	301	98096	0.00	0.00	0.00	0.08	0.00	0.00	0.00	0.00	0.00	99.92
Sonnenburg_Project_005_Merged	301	301	210826_M04141_0131_000000000-JVTMF	205.2	83953	83953	34.3	30.6	0.14	14.18	0.00	54	301	83953	0.00	0.00	0.00	0.11	0.01	0.00	0.01	0.00	0.00	99.87
Sonnenburg_Project_005_Merged	301	301	210826_M04141_0131_000000000-JVTMF	206.1	99060	99060	34.6	30.9	0.06	10.91	0.00	53	301	99060	0.00	0.00	0.00	0.21	0.00	0.00	0.00	0.00	0.00	99.79
Sonnenburg_Project_005_Merged	301	301	210826_M04141_0131_000000000-JVTMF	206.2	95491	95491	34.5	30.6	0.09	12.38	0.00	55	301	95491	0.00	0.00	0.00	0.13	0.00	0.00	0.00	0.00	0.00	99.87
Sonnenburg_Project_005_Merged	301	301	210826_M04141_0131_000000000-JVTMF	207	96594	96594	34.3	30.8	0.02	12.35	0.00	55	301	96594	0.00	0.00	0.00	0.09	0.00	0.00	0.00	0.00	0.00	99.91
Sonnenburg_Project_005_Merged	301	301	210826_M04141_0131_000000000-JVTMF	208	84874	84874	34.4	30.8	0.03	14.11	0.00	53	301	84874	0.00	0.00	0.00	0.10	0.00	0.00	0.00	0.00	0.00	99.90
Sonnenburg_Project_005_Merged	301	301	210826_M04141_0131_000000000-JVTMF	209	91905	91905	34.7	31.0	0.17	12.41	0.00	54	301	91905	0.00	0.00	0.00	0.14	0.00	0.00	0.00	0.00	0.00	99.86
Sonnenburg_Project_005_Merged	301	301	210826_M04141_0131_000000000-JVTMF	21	64260	64260	34.4	30.9	0.21	12.29	0.00	54	301	64260	0.00	0.00	0.00	0.16	0.00	0.00	0.00	0.01	0.00	99.83
Sonnenburg_Project_005_Merged	301	301	210826_M04141_0131_000000000-JVTMF	210	115990	115990	34.5	30.9	0.04	12.53	0.00	54	301	115990	0.00	0.00	0.00	0.13	0.00	0.00	0.00	0.00	0.00	99.87
Sonnenburg_Project_005_Merged	301	301	210826_M04141_0131_000000000-JVTMF	211	83678	83678	34.6	30.9	0.05	12.56	0.00	53	301	83678	0.00	0.00	0.00	0.12	0.00	0.00	0.00	0.00	0.00	99.88
Sonnenburg_Project_005_Merged	301	301	210826_M04141_0131_000000000-JVTMF	212	92106	92106	34.2	30.6	0.03	13.95	0.00	54	301	92106	0.00	0.00	0.00	0.15	0.00	0.00	0.00	0.00	0.00	99.85
Sonnenburg_Project_005_Merged	301	301	210826_M04141_0131_000000000-JVTMF	213.C1	64303	64303	33.9	30.5	0.08	14.66	0.00	54	301	64303	0.00	0.00	0.00	0.16	0.00	0.00	0.00	0.00	0.00	99.84
Sonnenburg_Project_005_Merged	301	301	210826_M04141_0131_000000000-JVTMF	214	92807	92807	34.5	30.6	0.09	12.23	0.00	56	301	92807	0.00	0.00	0.00	0.09	0.00	0.00	0.00	0.00	0.00	99.91
Sonnenburg_Project_005_Merged	301	301	210826_M04141_0131_000000000-JVTMF	215	74904	74904	34.3	30.7	0.06	12.40	0.00	54	301	74904	0.00	0.00	0.00	0.18	0.00	0.00	0.00	0.00	0.00	99.82
Sonnenburg_Project_005_Merged	301	301	210826_M04141_0131_000000000-JVTMF	216	81168	81168	34.9	31.2	0.05	10.00	0.00	53	301	81168	0.00	0.00	0.00	0.12	0.00	0.00	0.00	0.00	0.00	99.88
Sonnenburg_Project_005_Merged	301	301	210826_M04141_0131_000000000-JVTMF	217	86247	86247	34.7	31.0	0.07	11.27	0.00	54	301	86247	0.00	0.00	0.00	0.14	0.00	0.00	0.00	0.01	0.00	99.85
Sonnenburg_Project_005_Merged	301	301	210826_M04141_0131_000000000-JVTMF	218	56640	56640	33.6	30.9	0.06	13.16	0.00	54	301	56640	0.00	0.00	0.00	0.11	0.01	0.00	0.00	0.00	0.00	99.88
Sonnenburg_Project_005_Merged	301	301	210826_M04141_0131_000000000-JVTMF	219	89364	89364	34.3	30.8	0.05	12.27	0.00	54	301	89364	0.00	0.00	0.00	0.13	0.00	0.00	0.00	0.00	0.00	99.87
Sonnenburg_Project_005_Merged	301	301	210826_M04141_0131_000000000-JVTMF	22	67578	67578	34.3	30.8	0.08	14.42	0.00	54	301	67578	0.00	0.00	0.00	0.12	0.02	0.00	0.00	0.00	0.00	99.86
Sonnenburg_Project_005_Merged	301	301	210826_M04141_0131_000000000-JVTMF	220	64610	64610	34.6	30.9	0.08	12.27	0.00	54	301	64610	0.00	0.00	0.00	0.09	0.00	0.00	0.00	0.01	0.00	99.90
Sonnenburg_Project_005_Merged	301	301	210826_M04141_0131_000000000-JVTMF	221	63950	63950	34.5	29.1	0.03	14.99	0.00	55	301	63950	0.00	0.00	0.00	0.14	0.00	0.00	0.00	0.00	0.00	99.86
Sonnenburg_Project_005_Merged	301	301	210826_M04141_0131_000000000-JVTMF	222	72114	72114	34.7	30.6	0.14	13.10	0.00	54	301	72114	0.00	0.00	0.00	0.09	0.00	0.00	0.00	0.00	0.00	99.91
Sonnenburg_Project_005_Merged	301	301	210826_M04141_0131_000000000-JVTMF	223	69300	69300	34.8	30.8	0.05	11.26	0.00	54	301	69300	0.00	0.00	0.00	0.13	0.00	0.00	0.00	0.00	0.00	99.87
Sonnenburg_Project_005_Merged	301	301	210826_M04141_0131_000000000-JVTMF	224	58558	58558	33.6	30.7	0.02	13.63	0.00	54	301	58558	0.00	0.00	0.00	0.10	0.00	0.00	0.00	0.00	0.00	99.90
Sonnenburg_Project_005_Merged	301	301	210826_M04141_0131_000000000-JVTMF	225.D1	34005	34005	32.5	30.1	0.03	18.98	0.00	54	301	34005	0.00	0.00	0.00	0.09	0.08	0.00	0.00	0.02	0.00	99.81
Sonnenburg_Project_005_Merged	301	301	210826_M04141_0131_000000000-JVTMF	226	40473	40473	32.7	30.6	0.04	16.85	0.00	54	301	40473	0.00	0.00	0.00	0.10	0.00	0.00	0.00	0.00	0.01	99.89
Sonnenburg_Project_005_Merged	301	301	210826_M04141_0131_000000000-JVTMF	227	37110	37110	32.6	30.6	0.03	16.73	0.00	54	301	37110	0.00	0.00	0.00	0.05	0.03	0.00	0.00	0.05	0.01	99.86
Sonnenburg_Project_005_Merged	301	301	210826_M04141_0131_000000000-JVTMF	228	10349	10349	31.3	29.4	0.01	27.83	0.00	55	301	10349	0.00	0.00	0.00	0.12	0.19	0.00	0.00	0.00	0.01	99.68
Sonnenburg_Project_005_Merged	301	301	210826_M04141_0131_000000000-JVTMF	229	21435	21435	32.4	31.1	0.01	14.19	0.00	53	301	21435	0.00	0.00	0.00	0.10	0.08	0.00	0.00	0.02	0.00	99.80
Sonnenburg_Project_005_Merged	301	301	210826_M04141_0131_000000000-JVTMF	23	80114	80114	34.6	30.9	0.03	11.88	0.00	54	301	80114	0.00	0.00	0.00	0.03	0.00	0.00	0.00	0.00	0.00	99.97
Sonnenburg_Project_005_Merged	301	301	210826_M04141_0131_000000000-JVTMF	230	40867	40867	32.8	30.3	0.01	17.29	0.00	54	301	40867	0.00	0.00	0.00	0.04	0.02	0.00	0.00	0.00	0.00	99.94
Sonnenburg_Project_005_Merged	301	301	210826_M04141_0131_000000000-JVTMF	231	38545	38545	32.2	30.5	0.02	19.17	0.00	54	301	38545	0.00	0.00	0.00	0.17	0.03	0.00	0.00	0.01	0.00	99.79
Sonnenburg_Project_005_Merged	301	301	210826_M04141_0131_000000000-JVTMF	232	34981	34981	32.6	30.6	0.02	14.73	0.00	55	301	34981	0.00	0.00	0.00	0.13	0.00	0.00	0.00	0.00	0.04	99.83
Sonnenburg_Project_005_Merged	301	301	210826_M04141_0131_000000000-JVTMF	233	10806	10806	31.8	30.5	0.01	21.08	0.00	54	301	10806	0.00	0.00	0.00	0.14	0.26	0.00	0.00	0.00	0.01	99.59
Sonnenburg_Project_005_Merged	301	301	210826_M04141_0131_000000000-JVTMF	234	13805	13805	31.6	30.3	0.00	21.39	0.00	54	301	13805	0.00	0.00	0.00	0.17	0.20	0.00	0.00	0.04	0.01	99.58
Sonnenburg_Project_005_Merged	301	301	210826_M04141_0131_000000000-JVTMF	235	631	631	31.2	26.0	0.60	72.42	0.00	55	301	631	0.00	0.00	0.00	0.48	0.00	0.00	0.00	0.00	0.00	99.52
Sonnenburg_Project_005_Merged	301	301	210826_M04141_0131_000000000-JVTMF	236	30541	30541	32.4	30.5	0.01	17.43	0.00	54	301	30541	0.00	0.00	0.00	0.07	0.05	0.00	0.00	0.01	0.01	99.86
Sonnenburg_Project_005_Merged	301	301	210826_M04141_0131_000000000-JVTMF	237.E1	42570	42570	33.4	30.6	0.03	13.93	0.00	55	301	42570	0.00	0.00	0.00	0.08	0.01	0.00	0.00	0.00	0.00	99.91
Sonnenburg_Project_005_Merged	301	301	210826_M04141_0131_000000000-JVTMF	238	37043	37043	32.9	30.7	0.02	15.33	0.00	55	301	37043	0.00	0.00	0.00	0.09	0.00	0.00	0.00	0.00	0.00	99.91
Sonnenburg_Project_005_Merged	301	301	210826_M04141_0131_000000000-JVTMF	239	46161	46161	33.2	30.8	0.04	15.41	0.00	54	301	46161	0.00	0.00	0.00	0.15	0.01	0.00	0.00	0.00	0.00	99.84
Sonnenburg_Project_005_Merged	301	301	210826_M04141_0131_000000000-JVTMF	24	72448	72448	34.2	30.5	0.02	14.61	0.00	54	301	72448	0.00	0.00	0.00	0.07	0.01	0.00	0.00	0.02	0.00	99.90
Sonnenburg_Project_005_Merged	301	301	210826_M04141_0131_000000000-JVTMF	240	44222	44222	33.5	30.0	0.00	15.86	0.00	55	301	44222	0.00	0.00	0.00	0.10	0.00	0.00	0.00	0.00	0.00	99.90
Sonnenburg_Project_005_Merged	301	301	210826_M04141_0131_000000000-JVTMF	241	44622	44622	33.8	31.0	0.08	11.75	0.00	53	301	44622	0.00	0.00	0.00	0.21	0.00	0.00	0.00	0.02	0.00	99.77
Sonnenburg_Project_005_Merged	301	301	210826_M04141_0131_000000000-JVTMF	242	41602	41602	33.0	30.5	0.01	15.34	0.00	54	301	41602	0.00	0.00	0.00	0.10	0.00	0.00	0.00	0.02	0.00	99.88
Sonnenburg_Project_005_Merged	301	301	210826_M04141_0131_000000000-JVTMF	243	27235	27235	32.0	30.6	0.01	18.83	0.00	54	301	27235	0.00	0.00	0.00	0.15	0.10	0.00	0.00	0.01	0.00	99.74
Sonnenburg_Project_005_Merged	301	301	210826_M04141_0131_000000000-JVTMF	244	41515	41515	32.8	30.3	0.03	13.80	0.00	56	301	41515	0.00	0.00	0.00	0.14	0.05	0.00	0.00	0.00	0.00	99.81
Sonnenburg_Project_005_Merged	301	301	210826_M04141_0131_000000000-JVTMF	245	46659	46659	33.2	30.8	0.05	13.30	0.00	53	301	46659	0.00	0.00	0.00	0.10	0.01	0.00	0.00	0.01	0.00	99.88
Sonnenburg_Project_005_Merged	301	301	210826_M04141_0131_000000000-JVTMF	246.1	33897	33897	32.8	31.1	0.03	13.85	0.00	54	301	33897	0.00	0.00	0.00	0.05	0.05	0.00	0.00	0.01	0.00	99.89
Sonnenburg_Project_005_Merged	301	301	210826_M04141_0131_000000000-JVTMF	246.2	36348	36348	33.0	30.6	0.09	16.07	0.00	54	301	36348	0.00	0.00	0.00	0.12	0.01	0.00	0.00	0.02	0.00	99.85
Sonnenburg_Project_005_Merged	301	301	210826_M04141_0131_000000000-JVTMF	248	8527	8527	31.5	27.9	0.00	25.84	0.00	54	301	8527	0.00	0.00	0.00	0.14	0.30	0.00	0.00	0.00	0.01	99.54
Sonnenburg_Project_005_Merged	301	301	210826_M04141_0131_000000000-JVTMF	249.F1	55939	55939	34.4	30.1	0.13	12.82	0.00	56	301	55939	0.00	0.00	0.00	0.15	0.00	0.00	0.00	0.00	0.00	99.85
Sonnenburg_Project_005_Merged	301	301	210826_M04141_0131_000000000-JVTMF	25.C1	63103	63103	34.5	28.6	0.06	16.65	0.00	54	301	63103	0.01	0.00	0.00	0.04	0.00	0.00	0.00	0.00	0.00	99.95
Sonnenburg_Project_005_Merged	301	301	210826_M04141_0131_000000000-JVTMF	250	77089	77089	34.6	30.6	0.04	12.80	0.00	54	301	77089	0.00	0.00	0.00	0.08	0.00	0.00	0.00	0.00	0.00	99.92
Sonnenburg_Project_005_Merged	301	301	210826_M04141_0131_000000000-JVTMF	251	76574	76574	34.4	30.3	0.08	13.94	0.00	54	301	76574	0.00	0.00	0.00	0.10	0.00	0.00	0.00	0.00	0.00	99.90
Sonnenburg_Project_005_Merged	301	301	210826_M04141_0131_000000000-JVTMF	252	59609	59609	34.1	29.8	0.04	15.21	0.00	55	301	59609	0.00	0.00	0.00	0.09	0.00	0.00	0.00	0.00	0.00	99.91
Sonnenburg_Project_005_Merged	301	301	210826_M04141_0131_000000000-JVTMF	253	69804	69804	34.7	30.8	0.14	13.10	0.00	54	301	69804	0.00	0.00	0.00	0.17	0.00	0.00	0.00	0.00	0.00	99.83
Sonnenburg_Project_005_Merged	301	301	210826_M04141_0131_000000000-JVTMF	254	70780	70780	34.6	30.7	0.08	13.23	0.00	52	301	70780	0.00	0.00	0.00	0.09	0.00	0.00	0.00	0.00	0.00	99.91
Sonnenburg_Project_005_Merged	301	301	210826_M04141_0131_000000000-JVTMF	255	68184	68184	34.6	30.6	0.06	13.44	0.00	54	301	68184	0.00	0.00	0.00	0.13	0.00	0.00	0.00	0.00	0.00	99.87
Sonnenburg_Project_005_Merged	301	301	210826_M04141_0131_000000000-JVTMF	256	71362	71362	34.3	30.3	0.05	14.48	0.00	54	301	71362	0.00	0.00	0.00	0.13	0.00	0.00	0.00	0.00	0.00	99.87
Sonnenburg_Project_005_Merged	301	301	210826_M04141_0131_000000000-JVTMF	257	63686	63686	34.6	30.4	0.05	12.36	0.00	55	301	63686	0.00	0.00	0.00	0.04	0.01	0.00	0.00	0.00	0.00	99.95
Sonnenburg_Project_005_Merged	301	301	210826_M04141_0131_000000000-JVTMF	258	83685	83685	34.5	30.6	0.12	10.96	0.00	55	301	83685	0.00	0.00	0.00	0.10	0.00	0.00	0.00	0.01	0.00	99.89
Sonnenburg_Project_005_Merged	301	301	210826_M04141_0131_000000000-JVTMF	259	40193	40193	34.2	30.2	0.17	15.67	0.00	53	301	40193	0.00	0.00	0.00	0.08	0.00	0.00	0.00	0.01	0.00	99.91
Sonnenburg_Project_005_Merged	301	301	210826_M04141_0131_000000000-JVTMF	26	63193	63193	34.4	30.5	0.15	12.76	0.00	54	301	63193	0.00	0.00	0.00	0.09	0.00	0.00	0.00	0.00	0.00	99.91
Sonnenburg_Project_005_Merged	301	301	210826_M04141_0131_000000000-JVTMF	260	64770	64770	33.9	30.4	0.02	14.51	0.00	54	301	64770	0.00	0.00	0.00	0.07	0.01	0.00	0.00	0.00	0.00	99.92
Sonnenburg_Project_005_Merged	301	301	210826_M04141_0131_000000000-JVTMF	261.G1	58432	58432	34.1	30.5	0.17	15.08	0.00	53	301	58432	0.00	0.00	0.00	0.10	0.00	0.00	0.00	0.00	0.00	99.90
Sonnenburg_Project_005_Merged	301	301	210826_M04141_0131_000000000-JVTMF	262	61446	61446	34.0	30.7	0.08	14.93	0.00	54	301	61446	0.00	0.00	0.00	0.17	0.01	0.00	0.00	0.00	0.00	99.82
Sonnenburg_Project_005_Merged	301	301	210826_M04141_0131_000000000-JVTMF	263	41817	41817	34.4	30.8	0.19	13.32	0.00	54	301	41817	0.00	0.00	0.00	0.12	0.01	0.00	0.01	0.01	0.00	99.85
Sonnenburg_Project_005_Merged	301	301	210826_M04141_0131_000000000-JVTMF	264	82377	82377	34.5	30.6	0.07	13.01	0.00	54	301	82377	0.00	0.00	0.00	0.10	0.00	0.00	0.00	0.00	0.00	99.90
Sonnenburg_Project_005_Merged	301	301	210826_M04141_0131_000000000-JVTMF	265	85912	85912	34.3	30.8	0.16	12.46	0.00	54	301	85912	0.00	0.00	0.00	0.11	0.00	0.00	0.00	0.00	0.00	99.89
Sonnenburg_Project_005_Merged	301	301	210826_M04141_0131_000000000-JVTMF	266	67965	67965	34.2	30.5	0.04	14.11	0.00	53	301	67965	0.00	0.00	0.00	0.07	0.00	0.00	0.00	0.00	0.00	99.93
Sonnenburg_Project_005_Merged	301	301	210826_M04141_0131_000000000-JVTMF	267	83709	83709	34.4	31.0	0.09	12.37	0.00	53	301	83709	0.00	0.00	0.00	0.14	0.00	0.00	0.00	0.00	0.00	99.86
Sonnenburg_Project_005_Merged	301	301	210826_M04141_0131_000000000-JVTMF	268	66458	66458	34.1	30.9	0.06	12.90	0.00	53	301	66458	0.00	0.00	0.00	0.17	0.00	0.00	0.00	0.00	0.00	99.83
Sonnenburg_Project_005_Merged	301	301	210826_M04141_0131_000000000-JVTMF	269	67301	67301	34.4	30.9	0.18	12.74	0.00	53	301	67301	0.00	0.02	0.00	0.20	0.00	0.00	0.00	0.01	0.00	99.77
Sonnenburg_Project_005_Merged	301	301	210826_M04141_0131_000000000-JVTMF	27	77493	77493	34.3	30.2	0.05	12.74	0.00	55	301	77493	0.00	0.00	0.00	0.13	0.00	0.00	0.00	0.00	0.00	99.87
Sonnenburg_Project_005_Merged	301	301	210826_M04141_0131_000000000-JVTMF	270	73073	73073	33.6	30.5	0.07	13.11	0.00	55	301	73073	0.00	0.00	0.00	0.09	0.00	0.00	0.00	0.00	0.00	99.91
Sonnenburg_Project_005_Merged	301	301	210826_M04141_0131_000000000-JVTMF	271	67943	67943	34.2	30.4	0.17	13.08	0.00	54	301	67943	0.00	0.00	0.00	0.14	0.00	0.00	0.00	0.00	0.00	99.86
Sonnenburg_Project_005_Merged	301	301	210826_M04141_0131_000000000-JVTMF	272	48747	48747	33.1	30.3	0.03	16.20	0.00	53	301	48747	0.00	0.00	0.00	0.15	0.00	0.00	0.00	0.00	0.00	99.85
Sonnenburg_Project_005_Merged	301	301	210826_M04141_0131_000000000-JVTMF	273.H1	49329	49329	34.3	30.4	0.11	15.90	0.00	54	301	49329	0.00	0.00	0.00	0.16	0.00	0.00	0.00	0.00	0.00	99.84
Sonnenburg_Project_005_Merged	301	301	210826_M04141_0131_000000000-JVTMF	274	52732	52732	34.3	30.4	0.07	15.77	0.00	55	301	52732	0.00	0.00	0.00	0.06	0.00	0.00	0.00	0.00	0.00	99.94
Sonnenburg_Project_005_Merged	301	301	210826_M04141_0131_000000000-JVTMF	275	50476	50476	34.4	30.7	0.14	13.88	0.00	53	301	50476	0.00	0.00	0.00	0.11	0.00	0.00	0.00	0.00	0.00	99.89
Sonnenburg_Project_005_Merged	301	301	210826_M04141_0131_000000000-JVTMF	276	55809	55809	34.6	30.7	0.09	13.26	0.00	54	301	55809	0.00	0.00	0.00	0.17	0.00	0.00	0.00	0.00	0.00	99.83
Sonnenburg_Project_005_Merged	301	301	210826_M04141_0131_000000000-JVTMF	277	53548	53548	34.5	30.6	0.22	14.41	0.00	55	301	53548	0.00	0.00	0.00	0.19	0.00	0.00	0.00	0.00	0.00	99.81
Sonnenburg_Project_005_Merged	301	301	210826_M04141_0131_000000000-JVTMF	278	48984	48984	34.3	30.8	0.24	13.32	0.00	52	301	48984	0.00	0.00	0.00	0.10	0.00	0.00	0.00	0.00	0.00	99.90
Sonnenburg_Project_005_Merged	301	301	210826_M04141_0131_000000000-JVTMF	279	63907	63907	34.2	30.4	0.05	15.10	0.00	55	301	63907	0.00	0.00	0.00	0.10	0.00	0.00	0.00	0.00	0.00	99.90
Sonnenburg_Project_005_Merged	301	301	210826_M04141_0131_000000000-JVTMF	28	61314	61314	34.1	30.2	0.05	13.69	0.00	54	301	61314	0.00	0.00	0.00	0.13	0.00	0.00	0.00	0.00	0.00	99.87
Sonnenburg_Project_005_Merged	301	301	210826_M04141_0131_000000000-JVTMF	280	42837	42837	34.5	30.6	0.22	14.82	0.00	54	301	42837	0.00	0.00	0.00	0.18	0.00	0.00	0.00	0.01	0.00	99.81
Sonnenburg_Project_005_Merged	301	301	210826_M04141_0131_000000000-JVTMF	281	62988	62988	34.5	30.5	0.30	14.31	0.00	54	301	62988	0.00	0.00	0.00	0.21	0.00	0.00	0.00	0.00	0.00	99.79
Sonnenburg_Project_005_Merged	301	301	210826_M04141_0131_000000000-JVTMF	282	61232	61232	34.2	30.3	0.04	14.45	0.00	55	301	61232	0.00	0.00	0.00	0.05	0.00	0.00	0.00	0.00	0.00	99.95
Sonnenburg_Project_005_Merged	301	301	210826_M04141_0131_000000000-JVTMF	283.A1	64220	64220	34.2	30.7	0.03	11.95	0.00	54	301	64220	0.00	0.00	0.00	0.05	0.00	0.00	0.00	0.00	0.00	99.95
Sonnenburg_Project_005_Merged	301	301	210826_M04141_0131_000000000-JVTMF	284	47721	47721	34.4	30.1	0.02	15.03	0.00	55	301	47721	0.00	0.00	0.00	0.05	0.01	0.00	0.00	0.00	0.00	99.94
Sonnenburg_Project_005_Merged	301	301	210826_M04141_0131_000000000-JVTMF	285	72831	72831	34.5	30.4	0.05	12.34	0.00	56	301	72831	0.00	0.00	0.00	0.19	0.00	0.00	0.00	0.00	0.00	99.81
Sonnenburg_Project_005_Merged	301	301	210826_M04141_0131_000000000-JVTMF	286	74468	74468	34.3	30.4	0.07	13.36	0.00	55	301	74468	0.00	0.00	0.00	0.07	0.02	0.00	0.00	0.01	0.00	99.90
Sonnenburg_Project_005_Merged	301	301	210826_M04141_0131_000000000-JVTMF	287	70670	70670	34.2	30.3	0.05	13.28	0.00	55	301	70670	0.00	0.00	0.00	0.05	0.00	0.00	0.00	0.00	0.00	99.95
Sonnenburg_Project_005_Merged	301	301	210826_M04141_0131_000000000-JVTMF	288	73361	73361	34.6	30.9	0.07	12.10	0.00	53	301	73361	0.00	0.00	0.00	0.16	0.01	0.00	0.00	0.00	0.00	99.83
Sonnenburg_Project_005_Merged	301	301	210826_M04141_0131_000000000-JVTMF	289	78423	78423	34.4	30.8	0.04	12.89	0.00	54	301	78423	0.00	0.00	0.00	0.06	0.00	0.00	0.00	0.00	0.00	99.94
Sonnenburg_Project_005_Merged	301	301	210826_M04141_0131_000000000-JVTMF	29	67069	67069	34.6	29.6	0.12	16.14	0.00	53	301	67069	0.00	0.00	0.00	0.17	0.00	0.00	0.00	0.01	0.00	99.82
Sonnenburg_Project_005_Merged	301	301	210826_M04141_0131_000000000-JVTMF	290	71468	71468	34.2	30.6	0.06	13.60	0.00	55	301	71468	0.00	0.00	0.00	0.11	0.00	0.00	0.00	0.00	0.00	99.89
Sonnenburg_Project_005_Merged	301	301	210826_M04141_0131_000000000-JVTMF	291	84191	84191	34.7	31.0	0.04	10.90	0.00	53	301	84191	0.00	0.00	0.00	0.13	0.00	0.00	0.00	0.00	0.00	99.87
Sonnenburg_Project_005_Merged	301	301	210826_M04141_0131_000000000-JVTMF	292	90281	90281	34.0	30.5	0.13	13.61	0.00	53	301	90281	0.00	0.00	0.00	0.12	0.00	0.00	0.00	0.17	0.00	99.71
Sonnenburg_Project_005_Merged	301	301	210826_M04141_0131_000000000-JVTMF	293	76084	76084	34.2	30.4	0.03	14.10	0.00	55	301	76084	0.00	0.00	0.00	0.10	0.00	0.00	0.00	0.00	0.00	99.90
Sonnenburg_Project_005_Merged	301	301	210826_M04141_0131_000000000-JVTMF	294	79209	79209	34.1	30.6	0.05	14.60	0.00	54	301	79209	0.00	0.00	0.00	0.11	0.00	0.00	0.00	0.00	0.00	99.89
Sonnenburg_Project_005_Merged	301	301	210826_M04141_0131_000000000-JVTMF	295.B1	6215	6215	34.2	30.4	1.63	27.61	0.02	54	301	6215	0.00	0.00	0.00	0.43	0.00	0.00	0.00	0.00	0.00	99.57
Sonnenburg_Project_005_Merged	301	301	210826_M04141_0131_000000000-JVTMF	296	57156	57156	34.7	30.9	0.02	12.89	0.00	53	301	57156	0.01	0.00	0.00	0.13	0.00	0.00	0.00	0.00	0.00	99.86
Sonnenburg_Project_005_Merged	301	301	210826_M04141_0131_000000000-JVTMF	297	80294	80294	34.6	30.8	0.04	12.31	0.00	55	301	80294	0.00	0.00	0.00	0.09	0.00	0.00	0.00	0.00	0.00	99.91
Sonnenburg_Project_005_Merged	301	301	210826_M04141_0131_000000000-JVTMF	298	85289	85289	34.4	30.6	0.06	13.34	0.00	54	301	85289	0.00	0.00	0.00	0.14	0.00	0.00	0.00	0.00	0.00	99.86
Sonnenburg_Project_005_Merged	301	301	210826_M04141_0131_000000000-JVTMF	299	82364	82364	34.5	30.8	0.04	12.33	0.00	54	301	82364	0.00	0.00	0.00	0.10	0.00	0.00	0.00	0.00	0.00	99.90
Sonnenburg_Project_005_Merged	301	301	210826_M04141_0131_000000000-JVTMF	3	60906	60906	34.7	30.8	0.09	14.01	0.00	54	301	60906	0.00	0.00	0.00	0.12	0.00	0.00	0.00	0.00	0.00	99.88
Sonnenburg_Project_005_Merged	301	301	210826_M04141_0131_000000000-JVTMF	30	81869	81869	34.3	29.8	0.06	12.75	0.00	57	301	81869	0.00	0.00	0.00	0.08	0.00	0.00	0.00	0.00	0.00	99.92
Sonnenburg_Project_005_Merged	301	301	210826_M04141_0131_000000000-JVTMF	300	87399	87399	34.4	30.7	0.10	12.82	0.00	54	301	87399	0.00	0.00	0.00	0.08	0.01	0.00	0.00	0.00	0.00	99.91
Sonnenburg_Project_005_Merged	301	301	210826_M04141_0131_000000000-JVTMF	301	81409	81409	34.4	30.9	0.06	12.03	0.00	54	301	81409	0.00	0.00	0.00	0.15	0.00	0.00	0.00	0.00	0.00	99.85
Sonnenburg_Project_005_Merged	301	301	210826_M04141_0131_000000000-JVTMF	302	91856	91856	34.6	30.8	0.09	12.45	0.00	54	301	91856	0.00	0.00	0.00	0.10	0.00	0.00	0.00	0.00	0.00	99.90
Sonnenburg_Project_005_Merged	301	301	210826_M04141_0131_000000000-JVTMF	303	94905	94905	34.6	30.9	0.06	12.89	0.00	54	301	94905	0.00	0.00	0.00	0.10	0.00	0.00	0.00	0.00	0.00	99.90
Sonnenburg_Project_005_Merged	301	301	210826_M04141_0131_000000000-JVTMF	304	108923	108923	34.3	30.7	0.04	12.65	0.00	54	301	108923	0.00	0.00	0.00	0.09	0.00	0.00	0.00	0.00	0.00	99.91
Sonnenburg_Project_005_Merged	301	301	210826_M04141_0131_000000000-JVTMF	307.B1	94431	94431	34.5	30.6	0.01	11.66	0.00	53	301	94431	0.00	0.00	0.00	0.09	0.00	0.00	0.00	0.00	0.00	99.91
Sonnenburg_Project_005_Merged	301	301	210826_M04141_0131_000000000-JVTMF	308	44651	44651	33.8	30.3	0.04	17.59	0.00	53	301	44651	0.00	0.00	0.00	0.09	0.00	0.00	0.01	0.01	0.00	99.89
Sonnenburg_Project_005_Merged	301	301	210826_M04141_0131_000000000-JVTMF	309	84984	84984	34.6	30.8	0.02	12.89	0.00	54	301	84984	0.00	0.00	0.00	0.07	0.00	0.00	0.00	0.00	0.00	99.93
Sonnenburg_Project_005_Merged	301	301	210826_M04141_0131_000000000-JVTMF	31	62685	62685	34.3	30.3	0.08	13.12	0.00	54	301	62685	0.00	0.00	0.00	0.11	0.00	0.00	0.00	0.00	0.00	99.89
Sonnenburg_Project_005_Merged	301	301	210826_M04141_0131_000000000-JVTMF	310	50554	50554	33.2	30.6	0.01	14.31	0.00	55	301	50554	0.00	0.00	0.00	0.04	0.00	0.00	0.00	0.01	0.00	99.95
Sonnenburg_Project_005_Merged	301	301	210826_M04141_0131_000000000-JVTMF	311	72698	72698	34.1	30.6	0.06	12.62	0.00	54	301	72698	0.00	0.00	0.00	0.10	0.00	0.00	0.00	0.00	0.00	99.90
Sonnenburg_Project_005_Merged	301	301	210826_M04141_0131_000000000-JVTMF	312	1974	1974	33.4	28.8	1.59	43.16	0.00	54	301	1974	0.00	0.00	0.00	0.20	0.00	0.00	0.00	0.00	0.00	99.80
Sonnenburg_Project_005_Merged	301	301	210826_M04141_0131_000000000-JVTMF	313	71804	71804	34.4	30.7	0.08	14.51	0.00	54	301	71804	0.00	0.01	0.00	0.15	0.00	0.00	0.00	0.00	0.00	99.84
Sonnenburg_Project_005_Merged	301	301	210826_M04141_0131_000000000-JVTMF	314	62559	62559	34.5	30.5	0.01	14.32	0.00	55	301	62559	0.00	0.01	0.00	0.06	0.00	0.00	0.00	0.00	0.00	99.93
Sonnenburg_Project_005_Merged	301	301	210826_M04141_0131_000000000-JVTMF	315	79098	79098	34.7	30.6	0.10	13.79	0.00	54	301	79098	0.00	0.00	0.00	0.12	0.00	0.00	0.01	0.00	0.00	99.87
Sonnenburg_Project_005_Merged	301	301	210826_M04141_0131_000000000-JVTMF	316	87917	87917	34.5	30.8	0.06	13.87	0.00	54	301	87917	0.00	0.01	0.00	0.12	0.00	0.00	0.00	0.00	0.00	99.87
Sonnenburg_Project_005_Merged	301	301	210826_M04141_0131_000000000-JVTMF	317	49615	49615	33.3	30.6	0.02	15.70	0.00	54	301	49615	0.00	0.00	0.00	0.08	0.00	0.00	0.00	0.00	0.00	99.92
Sonnenburg_Project_005_Merged	301	301	210826_M04141_0131_000000000-JVTMF	318	81606	81606	34.5	30.7	0.13	13.53	0.00	54	301	81606	0.00	0.00	0.00	0.12	0.00	0.00	0.00	0.00	0.00	99.88
Sonnenburg_Project_005_Merged	301	301	210826_M04141_0131_000000000-JVTMF	319.C1	24899	24899	32.2	30.6	0.01	20.09	0.00	54	301	24899	0.00	0.00	0.00	0.09	0.09	0.00	0.00	0.03	0.00	99.79
Sonnenburg_Project_005_Merged	301	301	210826_M04141_0131_000000000-JVTMF	32	56819	56819	34.3	29.2	0.07	14.67	0.00	54	301	56819	0.00	0.00	0.00	0.07	0.01	0.00	0.00	0.00	0.00	99.92
Sonnenburg_Project_005_Merged	301	301	210826_M04141_0131_000000000-JVTMF	320	24251	24251	32.8	30.4	0.01	16.63	0.00	55	301	24251	0.00	0.00	0.00	0.05	0.04	0.00	0.00	0.00	0.02	99.89
Sonnenburg_Project_005_Merged	301	301	210826_M04141_0131_000000000-JVTMF	321	40436	40436	32.9	30.8	0.04	15.06	0.00	54	301	40436	0.00	0.00	0.00	0.16	0.01	0.00	0.00	0.00	0.00	99.83
Sonnenburg_Project_005_Merged	301	301	210826_M04141_0131_000000000-JVTMF	322	41347	41347	32.8	30.4	0.02	16.26	0.00	55	301	41347	0.00	0.00	0.00	0.09	0.03	0.00	0.00	0.00	0.03	99.85
Sonnenburg_Project_005_Merged	301	301	210826_M04141_0131_000000000-JVTMF	323	38906	38906	32.7	30.5	0.02	17.56	0.00	54	301	38906	0.00	0.00	0.00	0.12	0.07	0.00	0.00	0.01	0.00	99.80
Sonnenburg_Project_005_Merged	301	301	210826_M04141_0131_000000000-JVTMF	324	14634	14634	31.8	30.3	0.00	22.95	0.00	53	301	14634	0.00	0.00	0.00	0.08	0.22	0.00	0.00	0.03	0.00	99.67
Sonnenburg_Project_005_Merged	301	301	210826_M04141_0131_000000000-JVTMF	325	25020	25020	32.3	30.5	0.02	18.57	0.00	54	301	25020	0.00	0.00	0.00	0.05	0.07	0.00	0.00	0.04	0.00	99.84
Sonnenburg_Project_005_Merged	301	301	210826_M04141_0131_000000000-JVTMF	326	34743	34743	32.4	30.7	0.02	15.45	0.00	53	301	34743	0.00	0.00	0.00	0.14	0.01	0.00	0.00	0.00	0.08	99.77
Sonnenburg_Project_005_Merged	301	301	210826_M04141_0131_000000000-JVTMF	327	12267	12267	31.5	30.2	0.00	22.80	0.00	54	301	12267	0.00	0.00	0.00	0.11	0.08	0.00	0.00	0.02	0.00	99.79
Sonnenburg_Project_005_Merged	301	301	210826_M04141_0131_000000000-JVTMF	328	19675	19675	31.8	30.6	0.00	19.50	0.00	53	301	19675	0.00	0.00	0.00	0.08	0.14	0.00	0.00	0.01	0.00	99.77
Sonnenburg_Project_005_Merged	301	301	210826_M04141_0131_000000000-JVTMF	329	15753	15753	31.6	30.0	0.01	23.58	0.00	54	301	15753	0.00	0.00	0.00	0.08	0.09	0.00	0.00	0.00	0.00	99.83
Sonnenburg_Project_005_Merged	301	301	210826_M04141_0131_000000000-JVTMF	33	52719	52719	34.4	30.3	0.10	12.38	0.00	55	301	52719	0.00	0.00	0.00	0.09	0.00	0.00	0.00	0.00	0.00	99.91
Sonnenburg_Project_005_Merged	301	301	210826_M04141_0131_000000000-JVTMF	330	26830	26830	32.3	30.5	0.01	18.12	0.00	54	301	26830	0.00	0.00	0.00	0.18	0.04	0.00	0.00	0.00	0.06	99.72
Sonnenburg_Project_005_Merged	301	301	210826_M04141_0131_000000000-JVTMF	331.E1	55999	55999	33.3	30.6	0.03	12.75	0.00	54	301	55999	0.00	0.00	0.00	0.11	0.02	0.00	0.00	0.00	0.00	99.87
Sonnenburg_Project_005_Merged	301	301	210826_M04141_0131_000000000-JVTMF	332	25193	25193	33.2	30.0	0.01	17.12	0.00	55	301	25193	0.00	0.00	0.00	0.07	0.01	0.00	0.00	0.00	0.00	99.92
Sonnenburg_Project_005_Merged	301	301	210826_M04141_0131_000000000-JVTMF	333	41438	41438	33.0	30.4	0.02	13.77	0.00	55	301	41438	0.00	0.00	0.00	0.12	0.00	0.00	0.00	0.01	0.00	99.87
Sonnenburg_Project_005_Merged	301	301	210826_M04141_0131_000000000-JVTMF	334	28806	28806	32.3	30.4	0.01	20.20	0.00	54	301	28806	0.00	0.00	0.00	0.09	0.05	0.00	0.00	0.00	0.02	99.84
Sonnenburg_Project_005_Merged	301	301	210826_M04141_0131_000000000-JVTMF	335	44942	44942	32.5	30.3	0.02	19.07	0.00	53	301	44942	0.00	0.03	0.00	0.05	0.03	0.00	0.00	0.00	0.00	99.89
Sonnenburg_Project_005_Merged	301	301	210826_M04141_0131_000000000-JVTMF	336	15661	15661	31.9	30.6	0.00	19.15	0.00	54	301	15661	0.00	0.00	0.00	0.12	0.05	0.00	0.00	0.00	0.00	99.83
Sonnenburg_Project_005_Merged	301	301	210826_M04141_0131_000000000-JVTMF	337	34259	34259	33.0	30.5	0.01	14.59	0.00	55	301	34259	0.00	0.00	0.00	0.10	0.02	0.00	0.00	0.01	0.00	99.87
Sonnenburg_Project_005_Merged	301	301	210826_M04141_0131_000000000-JVTMF	338	44244	44244	33.3	31.0	0.02	13.72	0.00	53	301	44244	0.00	0.00	0.00	0.09	0.01	0.00	0.00	0.00	0.00	99.90
Sonnenburg_Project_005_Merged	301	301	210826_M04141_0131_000000000-JVTMF	339	59560	59560	34.1	30.0	0.03	14.22	0.00	54	301	59560	0.00	0.00	0.00	0.10	0.00	0.00	0.00	0.00	0.00	99.90
Sonnenburg_Project_005_Merged	301	301	210826_M04141_0131_000000000-JVTMF	34	69005	69005	34.6	30.6	0.06	13.95	0.00	53	301	69005	0.00	0.00	0.00	0.11	0.00	0.00	0.00	0.00	0.00	99.89
Sonnenburg_Project_005_Merged	301	301	210826_M04141_0131_000000000-JVTMF	340	54426	54426	33.2	30.9	0.03	14.72	0.00	54	301	54426	0.00	0.00	0.00	0.08	0.01	0.00	0.00	0.00	0.00	99.91
Sonnenburg_Project_005_Merged	301	301	210826_M04141_0131_000000000-JVTMF	341	27501	27501	32.7	30.6	0.03	17.61	0.00	54	301	27501	0.00	0.00	0.00	0.13	0.02	0.00	0.00	0.04	0.00	99.81
Sonnenburg_Project_005_Merged	301	301	210826_M04141_0131_000000000-JVTMF	342	46847	46847	33.1	30.7	0.02	14.28	0.00	55	301	46847	0.00	0.00	0.00	0.05	0.09	0.00	0.00	0.00	0.00	99.86
Sonnenburg_Project_005_Merged	301	301	210826_M04141_0131_000000000-JVTMF	343.F1	12126	12126	34.5	30.4	0.46	21.38	0.00	54	301	12126	0.00	0.00	0.00	0.17	0.00	0.00	0.00	0.00	0.00	99.83
Sonnenburg_Project_005_Merged	301	301	210826_M04141_0131_000000000-JVTMF	344	33507	33507	34.1	30.1	0.04	15.78	0.00	55	301	33507	0.00	0.00	0.00	0.12	0.00	0.00	0.00	0.00	0.00	99.88
Sonnenburg_Project_005_Merged	301	301	210826_M04141_0131_000000000-JVTMF	345	62981	62981	34.6	30.5	0.04	13.74	0.00	54	301	62981	0.00	0.00	0.00	0.06	0.00	0.00	0.00	0.00	0.00	99.94
Sonnenburg_Project_005_Merged	301	301	210826_M04141_0131_000000000-JVTMF	346	70315	70315	34.0	29.9	0.04	13.94	0.00	56	301	70315	0.00	0.00	0.00	0.03	0.00	0.00	0.00	0.00	0.00	99.97
Sonnenburg_Project_005_Merged	301	301	210826_M04141_0131_000000000-JVTMF	347	73171	73171	34.5	30.3	0.04	14.26	0.00	54	301	73171	0.00	0.00	0.00	0.06	0.01	0.00	0.00	0.00	0.00	99.93
Sonnenburg_Project_005_Merged	301	301	210826_M04141_0131_000000000-JVTMF	348	56365	56365	34.3	28.9	0.06	15.23	0.00	55	301	56365	0.00	0.00	0.00	0.11	0.00	0.00	0.00	0.00	0.00	99.89
Sonnenburg_Project_005_Merged	301	301	210826_M04141_0131_000000000-JVTMF	349	66245	66245	34.5	30.6	0.10	13.84	0.00	54	301	66245	0.00	0.00	0.00	0.08	0.00	0.00	0.00	0.00	0.00	99.92
Sonnenburg_Project_005_Merged	301	301	210826_M04141_0131_000000000-JVTMF	35	54754	54754	34.2	30.1	0.02	14.82	0.00	53	301	54754	0.00	0.00	0.00	0.08	0.00	0.00	0.00	0.00	0.01	99.91
Sonnenburg_Project_005_Merged	301	301	210826_M04141_0131_000000000-JVTMF	350	79910	79910	34.6	30.5	0.09	14.54	0.00	54	301	79910	0.00	0.00	0.00	0.06	0.00	0.00	0.00	0.00	0.00	99.94
Sonnenburg_Project_005_Merged	301	301	210826_M04141_0131_000000000-JVTMF	351	55347	55347	34.2	29.2	0.03	16.79	0.00	54	301	55347	0.00	0.00	0.00	0.07	0.00	0.00	0.00	0.00	0.00	99.93
Sonnenburg_Project_005_Merged	301	301	210826_M04141_0131_000000000-JVTMF	352	89613	89613	34.6	30.9	0.07	11.40	0.00	54	301	89613	0.00	0.00	0.00	0.15	0.00	0.00	0.00	0.00	0.00	99.85
Sonnenburg_Project_005_Merged	301	301	210826_M04141_0131_000000000-JVTMF	353	82106	82106	34.3	30.2	0.03	14.33	0.00	55	301	82106	0.00	0.00	0.00	0.09	0.00	0.00	0.00	0.00	0.00	99.91
Sonnenburg_Project_005_Merged	301	301	210826_M04141_0131_000000000-JVTMF	354	91674	91674	34.5	30.4	0.04	13.32	0.00	55	301	91674	0.00	0.00	0.00	0.06	0.00	0.00	0.00	0.00	0.00	99.94
Sonnenburg_Project_005_Merged	301	301	210826_M04141_0131_000000000-JVTMF	355.G1	75810	75810	34.2	29.4	0.05	16.39	0.00	54	301	75810	0.00	0.00	0.00	0.08	0.00	0.00	0.00	0.00	0.00	99.92
Sonnenburg_Project_005_Merged	301	301	210826_M04141_0131_000000000-JVTMF	356	44173	44173	34.2	30.5	0.01	14.75	0.00	53	301	44173	0.00	0.00	0.00	0.06	0.00	0.00	0.00	0.00	0.00	99.94
Sonnenburg_Project_005_Merged	301	301	210826_M04141_0131_000000000-JVTMF	357	69033	69033	34.3	30.6	0.03	15.07	0.00	54	301	69033	0.00	0.00	0.00	0.08	0.00	0.00	0.02	0.00	0.00	99.90
Sonnenburg_Project_005_Merged	301	301	210826_M04141_0131_000000000-JVTMF	358	62343	62343	33.9	30.3	0.17	13.96	0.00	55	301	62343	0.00	0.00	0.00	0.19	0.00	0.00	0.00	0.00	0.00	99.81
Sonnenburg_Project_005_Merged	301	301	210826_M04141_0131_000000000-JVTMF	359	84309	84309	34.3	30.7	0.03	12.57	0.00	53	301	84309	0.00	0.00	0.00	0.11	0.00	0.00	0.00	0.00	0.00	99.89
Sonnenburg_Project_005_Merged	301	301	210826_M04141_0131_000000000-JVTMF	36	64379	64379	34.1	30.1	0.07	14.68	0.00	54	301	64379	0.00	0.00	0.00	0.12	0.00	0.00	0.00	0.00	0.00	99.88
Sonnenburg_Project_005_Merged	301	301	210826_M04141_0131_000000000-JVTMF	360	59580	59580	33.9	30.5	0.04	14.14	0.00	55	301	59580	0.00	0.00	0.00	0.09	0.00	0.00	0.00	0.00	0.00	99.91
Sonnenburg_Project_005_Merged	301	301	210826_M04141_0131_000000000-JVTMF	361	61080	61080	33.8	30.5	0.09	13.19	0.00	55	301	61080	0.00	0.00	0.00	0.05	0.00	0.00	0.00	0.00	0.00	99.95
Sonnenburg_Project_005_Merged	301	301	210826_M04141_0131_000000000-JVTMF	362	66106	66106	34.0	30.5	0.03	15.16	0.00	54	301	66106	0.00	0.00	0.00	0.09	0.00	0.00	0.00	0.00	0.00	99.91
Sonnenburg_Project_005_Merged	301	301	210826_M04141_0131_000000000-JVTMF	363	70185	70185	34.6	30.8	0.45	12.59	0.00	54	301	70185	0.00	1.00	0.00	0.12	0.00	0.00	0.00	0.00	0.00	98.88
Sonnenburg_Project_005_Merged	301	301	210826_M04141_0131_000000000-JVTMF	364	94652	94652	33.8	29.9	0.03	12.52	0.00	57	301	94652	0.00	0.00	0.00	0.02	0.00	0.00	0.00	0.00	0.00	99.98
Sonnenburg_Project_005_Merged	301	301	210826_M04141_0131_000000000-JVTMF	365	37507	37507	32.6	30.4	0.02	15.98	0.00	55	301	37507	0.00	0.00	0.00	0.05	0.02	0.00	0.00	0.00	0.02	99.91
Sonnenburg_Project_005_Merged	301	301	210826_M04141_0131_000000000-JVTMF	366	68500	68500	33.9	30.6	0.12	14.54	0.00	54	301	68500	0.00	0.00	0.00	0.21	0.00	0.00	0.00	0.01	0.00	99.78
Sonnenburg_Project_005_Merged	301	301	210826_M04141_0131_000000000-JVTMF	367.H1	66630	66630	34.5	30.5	0.07	13.26	0.00	55	301	66630	0.00	0.01	0.00	0.17	0.00	0.00	0.00	0.00	0.00	99.82
Sonnenburg_Project_005_Merged	301	301	210826_M04141_0131_000000000-JVTMF	368	41246	41246	34.1	29.9	0.06	16.46	0.00	55	301	41246	0.00	0.00	0.00	0.07	0.00	0.00	0.00	0.00	0.00	99.93
Sonnenburg_Project_005_Merged	301	301	210826_M04141_0131_000000000-JVTMF	369	70495	70495	34.1	29.6	0.09	13.70	0.00	56	301	70495	0.00	0.00	0.00	0.12	0.00	0.00	0.00	0.01	0.00	99.87
Sonnenburg_Project_005_Merged	301	301	210826_M04141_0131_000000000-JVTMF	37.D1	26932	26932	32.9	30.8	0.03	16.26	0.00	53	301	26932	0.00	0.00	0.00	0.15	0.10	0.00	0.00	0.00	0.00	99.75
Sonnenburg_Project_005_Merged	301	301	210826_M04141_0131_000000000-JVTMF	370	66388	66388	34.2	30.5	0.07	15.56	0.00	54	301	66388	0.00	0.00	0.00	0.20	0.01	0.00	0.00	0.00	0.00	99.79
Sonnenburg_Project_005_Merged	301	301	210826_M04141_0131_000000000-JVTMF	371	63082	63082	34.4	30.7	0.13	13.33	0.00	53	301	63082	0.00	0.00	0.00	0.14	0.00	0.00	0.00	0.00	0.00	99.86
Sonnenburg_Project_005_Merged	301	301	210826_M04141_0131_000000000-JVTMF	372	66467	66467	34.2	30.3	0.06	14.91	0.00	55	301	66467	0.00	0.00	0.00	0.14	0.00	0.00	0.00	0.00	0.00	99.86
Sonnenburg_Project_005_Merged	301	301	210826_M04141_0131_000000000-JVTMF	373	62173	62173	33.7	29.8	0.03	15.39	0.00	55	301	62173	0.00	0.00	0.00	0.06	0.00	0.00	0.00	0.00	0.00	99.94
Sonnenburg_Project_005_Merged	301	301	210826_M04141_0131_000000000-JVTMF	374	67570	67570	34.5	30.3	0.06	13.49	0.00	56	301	67570	0.00	0.00	0.00	0.20	0.00	0.00	0.00	0.00	0.00	99.80
Sonnenburg_Project_005_Merged	301	301	210826_M04141_0131_000000000-JVTMF	375	69438	69438	34.6	30.6	0.05	12.85	0.00	55	301	69438	0.00	0.00	0.00	0.13	0.00	0.00	0.00	0.00	0.00	99.87
Sonnenburg_Project_005_Merged	301	301	210826_M04141_0131_000000000-JVTMF	376	83515	83515	34.3	30.6	0.10	13.08	0.00	54	301	83515	0.00	0.01	0.00	0.16	0.00	0.00	0.00	0.00	0.00	99.83
Sonnenburg_Project_005_Merged	301	301	210826_M04141_0131_000000000-JVTMF	377.A1	56730	56730	34.2	29.8	0.02	15.56	0.00	55	301	56730	0.01	0.00	0.00	0.12	0.00	0.00	0.00	0.00	0.00	99.87
Sonnenburg_Project_005_Merged	301	301	210826_M04141_0131_000000000-JVTMF	378	62261	62261	34.4	30.6	0.03	13.05	0.00	55	301	62261	0.00	0.00	0.00	0.08	0.00	0.00	0.00	0.00	0.00	99.92
Sonnenburg_Project_005_Merged	301	301	210826_M04141_0131_000000000-JVTMF	379	68729	68729	34.1	30.2	0.03	15.54	0.00	55	301	68729	0.00	0.00	0.00	0.10	0.00	0.00	0.00	0.00	0.01	99.89
Sonnenburg_Project_005_Merged	301	301	210826_M04141_0131_000000000-JVTMF	38	29794	29794	32.8	30.5	0.01	14.67	0.00	54	301	29794	0.00	0.00	0.00	0.17	0.08	0.00	0.00	0.00	0.00	99.75
Sonnenburg_Project_005_Merged	301	301	210826_M04141_0131_000000000-JVTMF	380	58725	58725	34.5	30.8	0.02	13.27	0.00	54	301	58725	0.00	0.00	0.00	0.05	0.00	0.00	0.00	0.00	0.00	99.95
Sonnenburg_Project_005_Merged	301	301	210826_M04141_0131_000000000-JVTMF	381	20560	20560	32.7	26.7	0.00	28.02	0.00	54	301	20560	0.00	0.00	0.00	0.02	0.13	0.00	0.00	0.00	0.00	99.85
Sonnenburg_Project_005_Merged	301	301	210826_M04141_0131_000000000-JVTMF	382	59133	59133	34.2	30.3	0.02	14.28	0.00	55	301	59133	0.00	0.00	0.00	0.06	0.00	0.00	0.00	0.00	0.00	99.94
Sonnenburg_Project_005_Merged	301	301	210826_M04141_0131_000000000-JVTMF	383	67976	67976	34.2	30.6	0.02	14.73	0.00	54	301	67976	0.00	0.00	0.00	0.08	0.00	0.00	0.00	0.00	0.00	99.92
Sonnenburg_Project_005_Merged	301	301	210826_M04141_0131_000000000-JVTMF	384	61132	61132	34.4	30.2	0.02	15.70	0.00	53	301	61132	0.00	0.00	0.00	0.04	0.00	0.00	0.00	0.00	0.00	99.96
Sonnenburg_Project_005_Merged	301	301	210826_M04141_0131_000000000-JVTMF	385	59469	59469	34.3	30.4	0.05	15.96	0.00	54	301	59469	0.00	0.00	0.00	0.12	0.00	0.00	0.00	0.00	0.00	99.88
Sonnenburg_Project_005_Merged	301	301	210826_M04141_0131_000000000-JVTMF	386	77868	77868	34.3	30.5	0.02	13.84	0.00	55	301	77868	0.00	0.00	0.00	0.05	0.00	0.00	0.00	0.00	0.00	99.95
Sonnenburg_Project_005_Merged	301	301	210826_M04141_0131_000000000-JVTMF	387	72561	72561	34.6	30.8	0.01	12.57	0.00	53	301	72561	0.00	0.00	0.00	0.05	0.00	0.00	0.00	0.00	0.00	99.95
Sonnenburg_Project_005_Merged	301	301	210826_M04141_0131_000000000-JVTMF	388	41800	41800	34.2	30.2	0.03	16.35	0.00	55	301	41800	0.00	0.00	0.00	0.06	0.00	0.00	0.00	0.00	0.00	99.94
Sonnenburg_Project_005_Merged	301	301	210826_M04141_0131_000000000-JVTMF	389.B1	53080	53080	34.2	30.2	0.02	15.65	0.00	56	301	53080	0.00	0.00	0.00	0.08	0.00	0.00	0.00	0.00	0.00	99.92
Sonnenburg_Project_005_Merged	301	301	210826_M04141_0131_000000000-JVTMF	39	36483	36483	32.9	30.6	0.02	14.10	0.00	55	301	36483	0.00	0.00	0.00	0.06	0.04	0.00	0.00	0.00	0.00	99.90
Sonnenburg_Project_005_Merged	301	301	210826_M04141_0131_000000000-JVTMF	390	69460	69460	34.6	31.0	0.03	13.99	0.00	53	301	69460	0.00	0.00	0.00	0.06	0.00	0.00	0.00	0.00	0.00	99.94
Sonnenburg_Project_005_Merged	301	301	210826_M04141_0131_000000000-JVTMF	391	79554	79554	34.2	30.2	0.02	14.09	0.00	56	301	79554	0.00	0.00	0.00	0.07	0.00	0.00	0.00	0.00	0.00	99.93
Sonnenburg_Project_005_Merged	301	301	210826_M04141_0131_000000000-JVTMF	392	79848	79848	34.4	30.5	0.02	14.14	0.00	55	301	79848	0.00	0.00	0.00	0.03	0.00	0.00	0.00	0.00	0.00	99.97
Sonnenburg_Project_005_Merged	301	301	210826_M04141_0131_000000000-JVTMF	393	75492	75492	34.6	30.6	0.07	13.65	0.00	55	301	75492	0.00	0.01	0.00	0.12	0.00	0.00	0.00	0.00	0.00	99.87
Sonnenburg_Project_005_Merged	301	301	210826_M04141_0131_000000000-JVTMF	394	75022	75022	34.1	30.2	0.05	12.72	0.00	56	301	75022	0.00	0.00	0.00	0.09	0.00	0.00	0.00	0.00	0.01	99.90
Sonnenburg_Project_005_Merged	301	301	210826_M04141_0131_000000000-JVTMF	395	93942	93942	34.4	30.5	0.02	12.24	0.00	55	301	93942	0.00	0.00	0.00	0.02	0.00	0.00	0.00	0.01	0.00	99.97
Sonnenburg_Project_005_Merged	301	301	210826_M04141_0131_000000000-JVTMF	396	34395	34395	34.6	30.6	0.04	16.04	0.00	53	301	34395	0.00	0.00	0.00	0.06	0.00	0.00	0.00	0.00	0.00	99.94
Sonnenburg_Project_005_Merged	301	301	210826_M04141_0131_000000000-JVTMF	397	78642	78642	34.5	30.7	0.02	12.86	0.00	55	301	78642	0.00	0.00	0.00	0.04	0.00	0.00	0.00	0.00	0.00	99.96
Sonnenburg_Project_005_Merged	301	301	210826_M04141_0131_000000000-JVTMF	398	75514	75514	34.6	30.8	0.06	14.15	0.00	54	301	75514	0.00	0.00	0.00	0.20	0.00	0.00	0.00	0.00	0.00	99.80
Sonnenburg_Project_005_Merged	301	301	210826_M04141_0131_000000000-JVTMF	399	43665	43665	34.6	30.5	0.05	14.06	0.00	56	301	43665	0.00	0.00	0.00	0.14	0.00	0.00	0.00	0.00	0.00	99.86
Sonnenburg_Project_005_Merged	301	301	210826_M04141_0131_000000000-JVTMF	4	77433	77433	34.7	30.9	0.05	12.23	0.00	53	301	77433	0.00	0.00	0.00	0.03	0.01	0.00	0.00	0.00	0.00	99.96
Sonnenburg_Project_005_Merged	301	301	210826_M04141_0131_000000000-JVTMF	40	47030	47030	33.4	30.8	0.02	14.09	0.00	55	301	47030	0.00	0.00	0.00	0.06	0.02	0.00	0.00	0.00	0.00	99.92
Sonnenburg_Project_005_Merged	301	301	210826_M04141_0131_000000000-JVTMF	400	81547	81547	34.7	31.0	0.04	12.82	0.00	53	301	81547	0.00	0.00	0.00	0.10	0.00	0.00	0.00	0.00	0.00	99.90
Sonnenburg_Project_005_Merged	301	301	210826_M04141_0131_000000000-JVTMF	401.C1	50617	50617	34.3	30.1	0.01	15.75	0.00	56	301	50617	0.00	0.00	0.00	0.07	0.00	0.00	0.00	0.00	0.00	99.93
Sonnenburg_Project_005_Merged	301	301	210826_M04141_0131_000000000-JVTMF	402	85642	85642	34.7	31.0	0.04	12.94	0.00	53	301	85642	0.00	0.00	0.00	0.13	0.00	0.00	0.00	0.00	0.00	99.87
Sonnenburg_Project_005_Merged	301	301	210826_M04141_0131_000000000-JVTMF	403	72033	72033	34.1	29.9	0.02	13.90	0.00	56	301	72033	0.00	0.00	0.00	0.04	0.00	0.00	0.00	0.00	0.00	99.96
Sonnenburg_Project_005_Merged	301	301	210826_M04141_0131_000000000-JVTMF	404	74338	74338	34.2	30.2	0.02	14.26	0.00	55	301	74338	0.00	0.00	0.00	0.05	0.00	0.00	0.00	0.00	0.00	99.95
Sonnenburg_Project_005_Merged	301	301	210826_M04141_0131_000000000-JVTMF	405	63805	63805	34.6	29.4	0.04	14.47	0.00	53	301	63805	0.00	0.00	0.00	0.08	0.00	0.00	0.00	0.01	0.00	99.91
Sonnenburg_Project_005_Merged	301	301	210826_M04141_0131_000000000-JVTMF	406	81073	81073	33.9	30.1	0.02	11.81	0.00	56	301	81073	0.00	0.00	0.00	0.07	0.00	0.00	0.00	0.00	0.00	99.93
Sonnenburg_Project_005_Merged	301	301	210826_M04141_0131_000000000-JVTMF	407	68450	68450	34.2	30.6	0.02	11.65	0.00	54	301	68450	0.00	0.00	0.00	0.07	0.00	0.00	0.00	0.00	0.00	99.93
Sonnenburg_Project_005_Merged	301	301	210826_M04141_0131_000000000-JVTMF	408	57512	57512	34.6	30.0	0.03	16.03	0.00	53	301	57512	0.00	0.00	0.00	0.06	0.00	0.00	0.00	0.00	0.00	99.94
Sonnenburg_Project_005_Merged	301	301	210826_M04141_0131_000000000-JVTMF	409	64507	64507	34.3	30.3	0.02	12.74	0.00	56	301	64507	0.00	0.00	0.00	0.06	0.00	0.00	0.00	0.00	0.00	99.94
Sonnenburg_Project_005_Merged	301	301	210826_M04141_0131_000000000-JVTMF	41	51179	51179	34.4	31.3	0.04	11.36	0.00	53	301	51179	0.00	0.00	0.00	0.07	0.00	0.00	0.00	0.00	0.00	99.93
Sonnenburg_Project_005_Merged	301	301	210826_M04141_0131_000000000-JVTMF	410	71628	71628	34.2	30.5	0.04	14.09	0.00	54	301	71628	0.00	0.00	0.00	0.11	0.00	0.00	0.00	0.00	0.00	99.89
Sonnenburg_Project_005_Merged	301	301	210826_M04141_0131_000000000-JVTMF	411	82962	82962	34.5	30.6	0.03	13.58	0.00	54	301	82962	0.00	0.00	0.00	0.07	0.00	0.00	0.00	0.00	0.00	99.93
Sonnenburg_Project_005_Merged	301	301	210826_M04141_0131_000000000-JVTMF	412	55752	55752	33.7	30.5	0.02	12.66	0.00	56	301	55752	0.00	0.00	0.00	0.08	0.00	0.00	0.00	0.00	0.00	99.92
Sonnenburg_Project_005_Merged	301	301	210826_M04141_0131_000000000-JVTMF	413.D1	21000	21000	31.6	30.0	0.00	21.34	0.00	55	301	21000	0.00	0.00	0.00	0.08	0.19	0.00	0.00	0.02	0.00	99.71
Sonnenburg_Project_005_Merged	301	301	210826_M04141_0131_000000000-JVTMF	414	30420	30420	32.6	30.8	0.02	17.24	0.00	53	301	30420	0.00	0.00	0.00	0.12	0.12	0.00	0.00	0.00	0.00	99.76
Sonnenburg_Project_005_Merged	301	301	210826_M04141_0131_000000000-JVTMF	415	25274	25274	32.5	30.5	0.03	19.23	0.00	54	301	25274	0.00	0.00	0.00	0.10	0.00	0.00	0.00	0.01	0.00	99.89
Sonnenburg_Project_005_Merged	301	301	210826_M04141_0131_000000000-JVTMF	416	21635	21635	31.6	29.9	0.01	21.97	0.00	55	301	21635	0.00	0.00	0.00	0.09	0.07	0.00	0.00	0.00	0.03	99.81
Sonnenburg_Project_005_Merged	301	301	210826_M04141_0131_000000000-JVTMF	417	19127	19127	32.1	30.5	0.02	18.12	0.00	53	301	19127	0.00	0.01	0.00	0.11	0.06	0.00	0.00	0.00	0.00	99.82
Sonnenburg_Project_005_Merged	301	301	210826_M04141_0131_000000000-JVTMF	418	34114	34114	32.4	30.2	0.01	17.60	0.00	54	301	34114	0.00	0.00	0.00	0.06	0.05	0.00	0.00	0.00	0.03	99.86
Sonnenburg_Project_005_Merged	301	301	210826_M04141_0131_000000000-JVTMF	419	34976	34976	32.6	30.3	0.02	17.02	0.00	55	301	34976	0.00	0.00	0.00	0.10	0.04	0.00	0.00	0.01	0.00	99.85
Sonnenburg_Project_005_Merged	301	301	210826_M04141_0131_000000000-JVTMF	42	46215	46215	33.2	30.9	0.04	14.58	0.00	54	301	46215	0.00	0.01	0.00	0.14	0.01	0.00	0.00	0.00	0.00	99.84
Sonnenburg_Project_005_Merged	301	301	210826_M04141_0131_000000000-JVTMF	420	4843	4843	30.9	27.1	0.01	36.92	0.00	53	301	4843	0.00	0.00	0.00	0.23	0.39	0.00	0.00	0.00	0.00	99.38
Sonnenburg_Project_005_Merged	301	301	210826_M04141_0131_000000000-JVTMF	421	35252	35252	33.1	30.8	0.03	16.38	0.00	53	301	35252	0.00	0.00	0.00	0.07	0.03	0.00	0.00	0.00	0.02	99.88
Sonnenburg_Project_005_Merged	301	301	210826_M04141_0131_000000000-JVTMF	422	30429	30429	32.4	30.4	0.01	18.41	0.00	54	301	30429	0.00	0.00	0.00	0.07	0.10	0.00	0.00	0.03	0.00	99.80
Sonnenburg_Project_005_Merged	301	301	210826_M04141_0131_000000000-JVTMF	423	51367	51367	33.3	30.8	0.02	14.11	0.00	54	301	51367	0.00	0.00	0.00	0.07	0.02	0.00	0.00	0.01	0.00	99.90
Sonnenburg_Project_005_Merged	301	301	210826_M04141_0131_000000000-JVTMF	424	30589	30589	32.5	30.4	0.02	19.37	0.00	53	301	30589	0.00	0.00	0.00	0.10	0.03	0.00	0.00	0.01	0.00	99.86
Sonnenburg_Project_005_Merged	301	301	210826_M04141_0131_000000000-JVTMF	425.E1	26313	26313	32.5	27.9	0.02	20.59	0.00	54	301	26313	0.00	0.00	0.00	0.07	0.10	0.00	0.00	0.01	0.00	99.82
Sonnenburg_Project_005_Merged	301	301	210826_M04141_0131_000000000-JVTMF	426	45649	45649	33.4	30.6	0.02	15.51	0.00	54	301	45649	0.00	0.00	0.00	0.08	0.00	0.00	0.00	0.01	0.01	99.90
Sonnenburg_Project_005_Merged	301	301	210826_M04141_0131_000000000-JVTMF	427	35645	35645	33.2	30.8	0.02	16.78	0.00	53	301	35645	0.00	0.00	0.00	0.07	0.04	0.00	0.00	0.00	0.00	99.89
Sonnenburg_Project_005_Merged	301	301	210826_M04141_0131_000000000-JVTMF	428	32349	32349	33.0	30.4	0.03	16.74	0.00	54	301	32349	0.00	0.00	0.00	0.12	0.02	0.00	0.00	0.01	0.00	99.85
Sonnenburg_Project_005_Merged	301	301	210826_M04141_0131_000000000-JVTMF	429	37038	37038	33.2	28.1	0.06	17.51	0.00	56	301	37038	0.00	0.00	0.00	0.12	0.02	0.00	0.00	0.00	0.00	99.86
Sonnenburg_Project_005_Merged	301	301	210826_M04141_0131_000000000-JVTMF	43	47361	47361	33.5	31.2	0.02	13.50	0.00	53	301	47361	0.00	0.00	0.00	0.09	0.02	0.00	0.00	0.01	0.00	99.88
Sonnenburg_Project_005_Merged	301	301	210826_M04141_0131_000000000-JVTMF	430	42731	42731	32.7	30.2	0.01	16.77	0.00	55	301	42731	0.00	0.00	0.00	0.09	0.05	0.00	0.00	0.00	0.00	99.86
Sonnenburg_Project_005_Merged	301	301	210826_M04141_0131_000000000-JVTMF	431	41835	41835	33.2	30.6	0.03	15.54	0.00	54	301	41835	0.00	0.00	0.00	0.06	0.02	0.00	0.00	0.00	0.00	99.92
Sonnenburg_Project_005_Merged	301	301	210826_M04141_0131_000000000-JVTMF	432	25425	25425	32.7	27.1	0.02	25.46	0.00	55	301	25425	0.00	0.00	0.00	0.09	0.00	0.00	0.00	0.00	0.00	99.91
Sonnenburg_Project_005_Merged	301	301	210826_M04141_0131_000000000-JVTMF	433	45393	45393	33.4	30.5	0.02	15.13	0.00	55	301	45393	0.00	0.00	0.00	0.21	0.00	0.00	0.00	0.00	0.00	99.79
Sonnenburg_Project_005_Merged	301	301	210826_M04141_0131_000000000-JVTMF	434	34065	34065	33.1	30.7	0.04	15.64	0.00	53	301	34065	0.00	0.00	0.00	0.09	0.04	0.00	0.00	0.02	0.00	99.85
Sonnenburg_Project_005_Merged	301	301	210826_M04141_0131_000000000-JVTMF	435	63418	63418	34.1	30.7	0.03	15.18	0.00	53	301	63418	0.00	0.00	0.00	0.06	0.00	0.00	0.00	0.00	0.00	99.94
Sonnenburg_Project_005_Merged	301	301	210826_M04141_0131_000000000-JVTMF	436	33796	33796	32.8	30.6	0.02	16.63	0.00	54	301	33796	0.00	0.00	0.00	0.06	0.03	0.00	0.00	0.01	0.00	99.90
Sonnenburg_Project_005_Merged	301	301	210826_M04141_0131_000000000-JVTMF	437.F1	74497	74497	34.6	30.1	0.02	13.63	0.00	54	301	74497	0.00	0.00	0.00	0.06	0.00	0.00	0.00	0.00	0.00	99.94
Sonnenburg_Project_005_Merged	301	301	210826_M04141_0131_000000000-JVTMF	438	93593	93593	34.5	30.5	0.03	13.68	0.00	54	301	93593	0.00	0.00	0.00	0.06	0.00	0.00	0.01	0.00	0.00	99.93
Sonnenburg_Project_005_Merged	301	301	210826_M04141_0131_000000000-JVTMF	439	62468	62468	34.5	30.3	0.02	14.03	0.00	55	301	62468	0.00	0.00	0.00	0.08	0.00	0.00	0.00	0.00	0.00	99.92
Sonnenburg_Project_005_Merged	301	301	210826_M04141_0131_000000000-JVTMF	44	50314	50314	34.5	30.6	0.06	13.94	0.00	53	301	50314	0.00	0.00	0.00	0.16	0.00	0.00	0.00	0.00	0.00	99.84
Sonnenburg_Project_005_Merged	301	301	210826_M04141_0131_000000000-JVTMF	440	59708	59708	34.3	30.0	0.04	13.76	0.00	56	301	59708	0.00	0.00	0.00	0.07	0.00	0.00	0.00	0.00	0.00	99.93
Sonnenburg_Project_005_Merged	301	301	210826_M04141_0131_000000000-JVTMF	441	57694	57694	34.6	30.4	0.07	14.37	0.00	54	301	57694	0.00	0.00	0.00	0.12	0.00	0.00	0.00	0.00	0.00	99.88
Sonnenburg_Project_005_Merged	301	301	210826_M04141_0131_000000000-JVTMF	442	71821	71821	34.5	30.5	0.07	14.70	0.00	54	301	71821	0.00	0.00	0.00	0.10	0.00	0.00	0.00	0.00	0.00	99.90
Sonnenburg_Project_005_Merged	301	301	210826_M04141_0131_000000000-JVTMF	443	61017	61017	34.4	30.1	0.04	13.93	0.00	55	301	61017	0.00	0.00	0.00	0.12	0.00	0.00	0.00	0.00	0.01	99.87
Sonnenburg_Project_005_Merged	301	301	210826_M04141_0131_000000000-JVTMF	444	56425	56425	34.2	29.4	0.02	16.99	0.00	55	301	56425	0.00	0.00	0.00	0.03	0.00	0.00	0.00	0.00	0.00	99.97
Sonnenburg_Project_005_Merged	301	301	210826_M04141_0131_000000000-JVTMF	445	60152	60152	34.3	30.3	0.03	14.19	0.00	55	301	60152	0.00	0.00	0.00	0.09	0.00	0.00	0.00	0.00	0.00	99.91
Sonnenburg_Project_005_Merged	301	301	210826_M04141_0131_000000000-JVTMF	446	70497	70497	34.5	30.4	0.03	14.29	0.00	54	301	70497	0.00	0.00	0.00	0.08	0.00	0.00	0.00	0.00	0.00	99.92
Sonnenburg_Project_005_Merged	301	301	210826_M04141_0131_000000000-JVTMF	447	85813	85813	34.5	30.4	0.03	14.48	0.00	54	301	85813	0.00	0.00	0.00	0.22	0.01	0.00	0.00	0.00	0.00	99.77
Sonnenburg_Project_005_Merged	301	301	210826_M04141_0131_000000000-JVTMF	448	69928	69928	34.2	30.2	0.05	14.58	0.00	54	301	69928	0.00	0.00	0.00	0.07	0.00	0.00	0.00	0.00	0.00	99.93
Sonnenburg_Project_005_Merged	301	301	210826_M04141_0131_000000000-JVTMF	449.G1	68229	68229	34.3	29.1	0.03	15.57	0.00	55	301	68229	0.00	0.00	0.00	0.07	0.00	0.00	0.00	0.00	0.00	99.93
Sonnenburg_Project_005_Merged	301	301	210826_M04141_0131_000000000-JVTMF	45	26053	26053	32.9	31.1	0.02	15.23	0.00	53	301	26053	0.00	0.00	0.00	0.07	0.05	0.00	0.00	0.00	0.01	99.87
Sonnenburg_Project_005_Merged	301	301	210826_M04141_0131_000000000-JVTMF	450	85117	85117	34.0	30.3	0.04	14.60	0.00	55	301	85117	0.00	0.00	0.00	0.08	0.00	0.00	0.00	0.00	0.00	99.92
Sonnenburg_Project_005_Merged	301	301	210826_M04141_0131_000000000-JVTMF	451	76958	76958	34.4	30.7	0.06	14.10	0.00	53	301	76958	0.00	0.00	0.00	0.06	0.00	0.00	0.00	0.01	0.00	99.93
Sonnenburg_Project_005_Merged	301	301	210826_M04141_0131_000000000-JVTMF	452	81336	81336	34.1	30.4	0.04	13.85	0.00	55	301	81336	0.00	0.00	0.00	0.07	0.00	0.00	0.00	0.00	0.00	99.93
Sonnenburg_Project_005_Merged	301	301	210826_M04141_0131_000000000-JVTMF	453	61798	61798	33.9	29.1	0.04	16.08	0.00	55	301	61798	0.00	0.00	0.00	0.11	0.00	0.00	0.00	0.00	0.00	99.89
Sonnenburg_Project_005_Merged	301	301	210826_M04141_0131_000000000-JVTMF	454	82965	82965	34.2	30.3	0.02	13.78	0.00	55	301	82965	0.00	0.00	0.00	0.09	0.00	0.00	0.00	0.00	0.00	99.91
Sonnenburg_Project_005_Merged	301	301	210826_M04141_0131_000000000-JVTMF	455	78091	78091	34.4	30.8	0.03	13.28	0.00	53	301	78091	0.00	0.00	0.00	0.06	0.00	0.00	0.00	0.00	0.00	99.94
Sonnenburg_Project_005_Merged	301	301	210826_M04141_0131_000000000-JVTMF	456	60019	60019	34.4	30.2	0.04	15.40	0.00	53	301	60019	0.00	0.00	0.00	0.06	0.00	0.00	0.00	0.00	0.00	99.94
Sonnenburg_Project_005_Merged	301	301	210826_M04141_0131_000000000-JVTMF	457	62024	62024	34.1	30.2	0.04	13.69	0.00	56	301	62024	0.00	0.00	0.00	0.07	0.01	0.00	0.00	0.00	0.00	99.92
Sonnenburg_Project_005_Merged	301	301	210826_M04141_0131_000000000-JVTMF	458	66193	66193	34.2	30.5	0.07	14.47	0.00	55	301	66193	0.00	0.00	0.00	0.08	0.00	0.00	0.00	0.00	0.00	99.92
Sonnenburg_Project_005_Merged	301	301	210826_M04141_0131_000000000-JVTMF	459	81471	81471	34.2	30.5	0.07	14.28	0.00	53	301	81471	0.00	0.00	0.00	0.08	0.00	0.00	0.00	0.00	0.00	99.92
Sonnenburg_Project_005_Merged	301	301	210826_M04141_0131_000000000-JVTMF	46	39793	39793	33.4	31.0	0.01	13.83	0.00	55	301	39793	0.00	0.00	0.00	0.09	0.05	0.00	0.01	0.00	0.00	99.85
Sonnenburg_Project_005_Merged	301	301	210826_M04141_0131_000000000-JVTMF	460	69553	69553	34.2	30.5	0.07	14.94	0.00	54	301	69553	0.00	0.00	0.00	0.16	0.00	0.00	0.00	0.00	0.00	99.84
Sonnenburg_Project_005_Merged	301	301	210826_M04141_0131_000000000-JVTMF	461.H1	54421	54421	34.4	30.2	0.11	13.91	0.00	55	301	54421	0.00	0.00	0.00	0.11	0.00	0.00	0.00	0.00	0.00	99.89
Sonnenburg_Project_005_Merged	301	301	210826_M04141_0131_000000000-JVTMF	462	7499	7499	34.3	30.2	0.41	26.15	0.00	53	301	7499	0.00	0.00	0.00	0.11	0.00	0.00	0.00	0.00	0.00	99.89
Sonnenburg_Project_005_Merged	301	301	210826_M04141_0131_000000000-JVTMF	463	64136	64136	34.5	30.7	0.03	13.87	0.00	53	301	64136	0.00	0.00	0.00	0.06	0.00	0.00	0.00	0.00	0.00	99.94
Sonnenburg_Project_005_Merged	301	301	210826_M04141_0131_000000000-JVTMF	464	54678	54678	34.5	30.6	0.06	14.17	0.00	54	301	54678	0.00	0.00	0.00	0.12	0.00	0.00	0.00	0.00	0.00	99.88
Sonnenburg_Project_005_Merged	301	301	210826_M04141_0131_000000000-JVTMF	465	49634	49634	34.5	26.3	0.03	26.78	0.00	55	301	49634	0.00	0.00	0.00	0.09	0.00	0.00	0.00	0.00	0.00	99.91
Sonnenburg_Project_005_Merged	301	301	210826_M04141_0131_000000000-JVTMF	466	46822	46822	34.6	30.6	0.10	14.09	0.00	54	301	46822	0.00	0.00	0.00	0.07	0.01	0.00	0.00	0.00	0.00	99.92
Sonnenburg_Project_005_Merged	301	301	210826_M04141_0131_000000000-JVTMF	467	57094	57094	34.3	30.4	0.06	14.52	0.00	54	301	57094	0.00	0.00	0.00	0.13	0.00	0.00	0.00	0.00	0.00	99.87
Sonnenburg_Project_005_Merged	301	301	210826_M04141_0131_000000000-JVTMF	468	44151	44151	34.5	30.2	0.04	16.65	0.00	53	301	44151	0.00	0.00	0.00	0.04	0.00	0.00	0.00	0.00	0.00	99.96
Sonnenburg_Project_005_Merged	301	301	210826_M04141_0131_000000000-JVTMF	469	63422	63422	34.4	30.5	0.05	12.75	0.00	55	301	63422	0.00	0.00	0.00	0.14	0.00	0.00	0.00	0.00	0.00	99.86
Sonnenburg_Project_005_Merged	301	301	210826_M04141_0131_000000000-JVTMF	47	59304	59304	34.4	31.1	0.04	11.41	0.00	54	301	59304	0.00	0.00	0.00	0.09	0.00	0.00	0.00	0.00	0.00	99.91
Sonnenburg_Project_005_Merged	301	301	210826_M04141_0131_000000000-JVTMF	470	54206	54206	34.4	30.7	0.04	13.25	0.00	54	301	54206	0.00	0.00	0.00	0.09	0.00	0.00	0.00	0.01	0.00	99.90
Sonnenburg_Project_005_Merged	301	301	210826_M04141_0131_000000000-JVTMF	471.A1	38212	38212	34.3	30.3	0.04	17.16	0.00	54	301	38212	0.00	0.00	0.00	0.06	0.00	0.00	0.00	0.00	0.00	99.94
Sonnenburg_Project_005_Merged	301	301	210826_M04141_0131_000000000-JVTMF	472.A2	22456	22456	34.4	30.6	0.07	16.84	0.00	53	301	22456	0.00	0.00	0.00	0.09	0.00	0.00	0.00	0.01	0.00	99.90
Sonnenburg_Project_005_Merged	301	301	210826_M04141_0131_000000000-JVTMF	473.A3	84038	84038	34.5	30.8	0.03	12.09	0.00	53	301	84038	0.00	0.00	0.00	0.05	0.00	0.00	0.00	0.00	0.00	99.95
Sonnenburg_Project_005_Merged	301	301	210826_M04141_0131_000000000-JVTMF	48	50572	50572	33.1	30.6	0.01	15.68	0.00	55	301	50572	0.00	0.00	0.00	0.10	0.04	0.00	0.00	0.00	0.00	99.86
Sonnenburg_Project_005_Merged	301	301	210826_M04141_0131_000000000-JVTMF	483.B1	25422	25422	34.8	30.7	0.03	16.64	0.00	54	301	25422	0.00	0.00	0.00	0.21	0.00	0.00	0.00	0.00	0.00	99.79
Sonnenburg_Project_005_Merged	301	301	210826_M04141_0131_000000000-JVTMF	484.B2	25891	25891	34.7	30.8	0.03	16.45	0.00	54	301	25891	0.00	0.00	0.00	0.18	0.00	0.00	0.00	0.00	0.00	99.82
Sonnenburg_Project_005_Merged	301	301	210826_M04141_0131_000000000-JVTMF	485.B3	56499	56499	34.8	31.1	0.03	12.34	0.00	54	301	56499	0.00	0.00	0.00	0.04	0.00	0.00	0.00	0.00	0.00	99.96
Sonnenburg_Project_005_Merged	301	301	210826_M04141_0131_000000000-JVTMF	49.E1	61796	61796	34.4	29.9	0.11	13.94	0.00	55	301	61796	0.00	0.00	0.00	0.23	0.00	0.00	0.00	0.00	0.00	99.77
Sonnenburg_Project_005_Merged	301	301	210826_M04141_0131_000000000-JVTMF	495.C1	38033	38033	33.9	30.7	0.03	16.31	0.00	54	301	38033	0.00	0.00	0.00	0.06	0.02	0.00	0.00	0.00	0.00	99.92
Sonnenburg_Project_005_Merged	301	301	210826_M04141_0131_000000000-JVTMF	496.C2	19577	19577	33.9	30.6	0.04	16.68	0.00	55	301	19577	0.00	0.00	0.00	0.13	0.00	0.00	0.00	0.00	0.00	99.87
Sonnenburg_Project_005_Merged	301	301	210826_M04141_0131_000000000-JVTMF	5	70461	70461	34.9	31.0	0.03	12.68	0.00	53	301	70461	0.00	0.00	0.00	0.03	0.00	0.00	0.00	0.00	0.00	99.97
Sonnenburg_Project_005_Merged	301	301	210826_M04141_0131_000000000-JVTMF	50	67031	67031	34.7	31.1	0.04	13.45	0.00	53	301	67031	0.00	0.00	0.00	0.09	0.00	0.00	0.00	0.00	0.00	99.91
Sonnenburg_Project_005_Merged	301	301	210826_M04141_0131_000000000-JVTMF	507.D1	35316	35316	34.6	30.9	0.05	15.28	0.00	53	301	35316	0.00	0.00	0.00	0.11	0.00	0.00	0.00	0.01	0.00	99.88
Sonnenburg_Project_005_Merged	301	301	210826_M04141_0131_000000000-JVTMF	508.D2	28564	28564	34.5	30.8	0.02	14.01	0.00	55	301	28564	0.00	0.00	0.00	0.09	0.00	0.00	0.00	0.01	0.00	99.90
Sonnenburg_Project_005_Merged	301	301	210826_M04141_0131_000000000-JVTMF	51	59690	59690	34.5	30.6	0.03	13.84	0.00	54	301	59690	0.00	0.00	0.00	0.06	0.00	0.00	0.00	0.00	0.00	99.94
Sonnenburg_Project_005_Merged	301	301	210826_M04141_0131_000000000-JVTMF	519.E1	40009	40009	34.3	30.2	0.01	14.57	0.00	55	301	40009	0.00	0.00	0.00	0.02	0.00	0.00	0.00	0.00	0.00	99.98
Sonnenburg_Project_005_Merged	301	301	210826_M04141_0131_000000000-JVTMF	52	75200	75200	34.5	30.6	0.06	13.34	0.00	55	301	75200	0.00	0.00	0.00	0.07	0.00	0.00	0.00	0.00	0.00	99.93
Sonnenburg_Project_005_Merged	301	301	210826_M04141_0131_000000000-JVTMF	520.E2	30844	30844	34.6	30.6	0.03	15.60	0.00	54	301	30844	0.00	0.00	0.00	0.10	0.00	0.00	0.00	0.00	0.01	99.89
Sonnenburg_Project_005_Merged	301	301	210826_M04141_0131_000000000-JVTMF	53	60114	60114	34.8	30.9	0.07	12.32	0.00	53	301	60114	0.00	0.00	0.00	0.16	0.00	0.00	0.00	0.00	0.00	99.84
Sonnenburg_Project_005_Merged	301	301	210826_M04141_0131_000000000-JVTMF	531.F1	19497	19497	32.7	30.0	0.01	19.78	0.00	54	301	19497	0.00	0.00	0.00	0.10	0.00	0.00	0.00	0.00	0.00	99.90
Sonnenburg_Project_005_Merged	301	301	210826_M04141_0131_000000000-JVTMF	532.F2	12911	12911	32.4	30.0	0.01	22.90	0.00	54	301	12911	0.00	0.00	0.00	0.11	0.03	0.00	0.00	0.00	0.01	99.85
Sonnenburg_Project_005_Merged	301	301	210826_M04141_0131_000000000-JVTMF	54	46715	46715	34.6	30.8	0.15	11.86	0.00	55	301	46715	0.00	0.00	0.00	0.03	0.00	0.00	0.00	0.00	0.00	99.97
Sonnenburg_Project_005_Merged	301	301	210826_M04141_0131_000000000-JVTMF	543.G1	31551	31551	34.6	30.7	0.03	14.34	0.00	54	301	31551	0.00	0.00	0.00	0.06	0.00	0.00	0.00	0.00	0.00	99.94
Sonnenburg_Project_005_Merged	301	301	210826_M04141_0131_000000000-JVTMF	544.G2	22150	22150	34.6	30.7	0.14	16.69	0.00	55	301	22150	0.00	0.05	0.00	0.19	0.01	0.00	0.00	0.00	0.00	99.75
Sonnenburg_Project_005_Merged	301	301	210826_M04141_0131_000000000-JVTMF	55	63742	63742	34.6	30.9	0.05	13.40	0.00	53	301	63742	0.00	0.00	0.00	0.13	0.00	0.00	0.00	0.00	0.00	99.87
Sonnenburg_Project_005_Merged	301	301	210826_M04141_0131_000000000-JVTMF	555.H1	29909	29909	34.4	30.5	0.05	17.29	0.00	53	301	29909	0.00	0.00	0.00	0.13	0.00	0.00	0.00	0.01	0.00	99.86
Sonnenburg_Project_005_Merged	301	301	210826_M04141_0131_000000000-JVTMF	556.H2	19461	19461	34.3	30.2	0.12	19.43	0.00	55	301	19461	0.00	0.00	0.00	0.16	0.00	0.00	0.00	0.00	0.00	99.84
Sonnenburg_Project_005_Merged	301	301	210826_M04141_0131_000000000-JVTMF	56	53358	53358	34.5	30.3	0.07	14.80	0.00	54	301	53358	0.00	0.00	0.00	0.10	0.00	0.00	0.00	0.01	0.00	99.89
Sonnenburg_Project_005_Merged	301	301	210826_M04141_0131_000000000-JVTMF	57	57143	57143	34.4	30.9	0.10	13.06	0.00	54	301	57143	0.00	0.00	0.00	0.14	0.00	0.00	0.00	0.01	0.00	99.85
Sonnenburg_Project_005_Merged	301	301	210826_M04141_0131_000000000-JVTMF	58	61470	61470	34.4	30.7	0.07	14.57	0.00	54	301	61470	0.00	0.00	0.00	0.07	0.00	0.00	0.00	0.00	0.00	99.93
Sonnenburg_Project_005_Merged	301	301	210826_M04141_0131_000000000-JVTMF	59	77030	77030	34.8	30.9	0.06	11.74	0.00	54	301	77030	0.00	0.00	0.00	0.15	0.00	0.00	0.00	0.00	0.00	99.85
Sonnenburg_Project_005_Merged	301	301	210826_M04141_0131_000000000-JVTMF	6	52375	52375	34.1	30.8	0.16	13.95	0.00	53	301	52375	0.00	0.00	0.00	0.08	0.00	0.00	0.00	0.00	0.00	99.92
Sonnenburg_Project_005_Merged	301	301	210826_M04141_0131_000000000-JVTMF	60	43088	43088	34.5	30.7	0.17	15.78	0.00	54	301	43088	0.00	0.00	0.00	0.07	0.00	0.00	0.00	0.00	0.00	99.93
Sonnenburg_Project_005_Merged	301	301	210826_M04141_0131_000000000-JVTMF	61.F1	39544	39544	34.0	29.4	0.21	16.53	0.00	54	301	39544	0.00	0.00	0.00	0.08	0.01	0.00	0.00	0.01	0.00	99.90
Sonnenburg_Project_005_Merged	301	301	210826_M04141_0131_000000000-JVTMF	62	81303	81303	34.3	29.5	0.05	14.63	0.00	53	301	81303	0.00	0.00	0.00	0.13	0.00	0.00	0.00	0.00	0.00	99.87
Sonnenburg_Project_005_Merged	301	301	210826_M04141_0131_000000000-JVTMF	63	93040	93040	34.5	30.7	0.07	13.16	0.00	54	301	93040	0.00	0.00	0.00	0.14	0.00	0.00	0.00	0.00	0.00	99.86
Sonnenburg_Project_005_Merged	301	301	210826_M04141_0131_000000000-JVTMF	64	82079	82079	34.6	30.9	0.03	12.26	0.00	53	301	82079	0.00	0.00	0.00	0.07	0.00	0.00	0.00	0.00	0.00	99.93
Sonnenburg_Project_005_Merged	301	301	210826_M04141_0131_000000000-JVTMF	65	74522	74522	34.7	31.0	0.04	12.21	0.00	53	301	74522	0.00	0.00	0.00	0.10	0.00	0.00	0.00	0.00	0.00	99.90
Sonnenburg_Project_005_Merged	301	301	210826_M04141_0131_000000000-JVTMF	66	80895	80895	34.4	30.5	0.10	12.97	0.00	55	301	80895	0.00	0.00	0.00	0.10	0.00	0.00	0.00	0.00	0.00	99.90
Sonnenburg_Project_005_Merged	301	301	210826_M04141_0131_000000000-JVTMF	67	74865	74865	34.3	30.6	0.09	13.99	0.00	54	301	74865	0.00	0.00	0.00	0.16	0.00	0.00	0.00	0.00	0.00	99.84
Sonnenburg_Project_005_Merged	301	301	210826_M04141_0131_000000000-JVTMF	68	66217	66217	34.5	30.3	0.06	14.75	0.00	54	301	66217	0.00	0.00	0.00	0.11	0.00	0.00	0.00	0.00	0.01	99.88
Sonnenburg_Project_005_Merged	301	301	210826_M04141_0131_000000000-JVTMF	69	77789	77789	34.6	31.0	0.19	11.78	0.00	54	301	77789	0.00	0.00	0.00	0.09	0.00	0.00	0.00	0.00	0.00	99.91
Sonnenburg_Project_005_Merged	301	301	210826_M04141_0131_000000000-JVTMF	7	72694	72694	34.4	30.6	0.03	13.46	0.00	54	301	72694	0.00	0.00	0.00	0.10	0.00	0.00	0.00	0.00	0.00	99.90
Sonnenburg_Project_005_Merged	301	301	210826_M04141_0131_000000000-JVTMF	70	75883	75883	34.4	30.6	0.06	13.93	0.00	54	301	75883	0.00	0.00	0.00	0.18	0.00	0.00	0.00	0.01	0.00	99.81
Sonnenburg_Project_005_Merged	301	301	210826_M04141_0131_000000000-JVTMF	71	102956	102956	34.7	30.9	0.07	11.44	0.00	54	301	102956	0.00	0.00	0.00	0.13	0.00	0.00	0.00	0.00	0.00	99.87
Sonnenburg_Project_005_Merged	301	301	210826_M04141_0131_000000000-JVTMF	72	101118	101118	34.4	30.5	0.06	12.92	0.00	55	301	101118	0.00	0.00	0.00	0.14	0.00	0.00	0.00	0.00	0.00	99.86
Sonnenburg_Project_005_Merged	301	301	210826_M04141_0131_000000000-JVTMF	73.G1	58404	58404	33.9	28.1	0.07	18.33	0.00	54	301	58404	0.00	0.00	0.00	0.08	0.00	0.00	0.00	0.00	0.00	99.92
Sonnenburg_Project_005_Merged	301	301	210826_M04141_0131_000000000-JVTMF	74	99215	99215	34.4	30.6	0.05	12.62	0.00	54	301	99215	0.00	0.00	0.00	0.13	0.00	0.00	0.00	0.00	0.00	99.87
Sonnenburg_Project_005_Merged	301	301	210826_M04141_0131_000000000-JVTMF	75	77358	77358	34.4	30.5	0.06	12.65	0.00	55	301	77358	0.00	0.00	0.00	0.09	0.00	0.00	0.00	0.00	0.00	99.91
Sonnenburg_Project_005_Merged	301	301	210826_M04141_0131_000000000-JVTMF	76	89525	89525	34.3	30.4	0.03	13.31	0.00	54	301	89525	0.00	0.00	0.00	0.04	0.00	0.00	0.00	0.00	0.00	99.96
Sonnenburg_Project_005_Merged	301	301	210826_M04141_0131_000000000-JVTMF	77	69727	69727	34.6	29.8	0.13	12.93	0.00	54	301	69727	0.00	0.00	0.00	0.20	0.00	0.00	0.00	0.00	0.00	99.80
Sonnenburg_Project_005_Merged	301	301	210826_M04141_0131_000000000-JVTMF	78	93263	93263	34.5	30.7	0.08	12.29	0.00	53	301	93263	0.00	0.00	0.00	0.12	0.00	0.00	0.00	0.00	0.00	99.88
Sonnenburg_Project_005_Merged	301	301	210826_M04141_0131_000000000-JVTMF	79	87451	87451	34.3	30.4	0.06	13.73	0.00	54	301	87451	0.00	0.00	0.00	0.10	0.00	0.00	0.00	0.00	0.00	99.90
Sonnenburg_Project_005_Merged	301	301	210826_M04141_0131_000000000-JVTMF	8	63467	63467	34.7	29.2	0.03	15.22	0.00	54	301	63467	0.00	0.00	0.00	0.04	0.00	0.00	0.00	0.00	0.00	99.96
Sonnenburg_Project_005_Merged	301	301	210826_M04141_0131_000000000-JVTMF	80	62762	62762	34.3	30.1	0.09	13.42	0.00	54	301	62762	0.00	0.00	0.00	0.09	0.00	0.00	0.00	0.00	0.00	99.91
Sonnenburg_Project_005_Merged	301	301	210826_M04141_0131_000000000-JVTMF	81	70628	70628	34.4	30.6	0.07	13.48	0.00	54	301	70628	0.00	0.00	0.00	0.10	0.00	0.00	0.01	0.00	0.00	99.89
Sonnenburg_Project_005_Merged	301	301	210826_M04141_0131_000000000-JVTMF	82	71119	71119	34.5	30.7	0.05	12.95	0.00	53	301	71119	0.00	0.00	0.00	0.13	0.00	0.00	0.00	0.00	0.00	99.87
Sonnenburg_Project_005_Merged	301	301	210826_M04141_0131_000000000-JVTMF	83	81420	81420	34.4	30.3	0.06	13.02	0.00	55	301	81420	0.00	0.00	0.00	0.07	0.00	0.00	0.00	0.00	0.00	99.93
Sonnenburg_Project_005_Merged	301	301	210826_M04141_0131_000000000-JVTMF	84	83959	83959	34.2	30.3	0.06	14.16	0.00	54	301	83959	0.00	0.00	0.00	0.09	0.00	0.00	0.01	0.00	0.02	99.88
Sonnenburg_Project_005_Merged	301	301	210826_M04141_0131_000000000-JVTMF	85.H1	55738	55738	34.5	30.4	0.03	14.58	0.00	53	301	55738	0.00	0.01	0.00	0.04	0.00	0.00	0.00	0.00	0.00	99.95
Sonnenburg_Project_005_Merged	301	301	210826_M04141_0131_000000000-JVTMF	86	87003	87003	34.5	30.5	0.16	12.89	0.00	55	301	87003	0.00	0.00	0.00	0.16	0.00	0.00	0.00	0.00	0.00	99.84
Sonnenburg_Project_005_Merged	301	301	210826_M04141_0131_000000000-JVTMF	87	74729	74729	34.6	30.4	0.05	12.98	0.00	55	301	74729	0.00	0.00	0.00	0.18	0.00	0.00	0.00	0.00	0.00	99.82
Sonnenburg_Project_005_Merged	301	301	210826_M04141_0131_000000000-JVTMF	88	84216	84216	34.6	30.6	0.14	12.50	0.00	54	301	84216	0.00	0.00	0.00	0.14	0.00	0.00	0.00	0.00	0.00	99.86
Sonnenburg_Project_005_Merged	301	301	210826_M04141_0131_000000000-JVTMF	89	56732	56732	34.6	30.2	0.11	14.26	0.00	54	301	56732	0.00	0.00	0.00	0.22	0.00	0.00	0.00	0.00	0.00	99.78
Sonnenburg_Project_005_Merged	301	301	210826_M04141_0131_000000000-JVTMF	9	65687	65687	34.6	31.0	0.13	13.36	0.00	53	301	65687	0.00	0.00	0.00	0.14	0.00	0.00	0.00	0.00	0.00	99.86
Sonnenburg_Project_005_Merged	301	301	210826_M04141_0131_000000000-JVTMF	90	83472	83472	34.6	30.7	0.10	12.90	0.00	53	301	83472	0.00	0.00	0.00	0.11	0.00	0.00	0.00	0.00	0.00	99.89
Sonnenburg_Project_005_Merged	301	301	210826_M04141_0131_000000000-JVTMF	91	66830	66830	34.3	30.3	0.04	13.94	0.00	54	301	66830	0.00	0.00	0.00	0.09	0.00	0.00	0.00	0.00	0.00	99.91
Sonnenburg_Project_005_Merged	301	301	210826_M04141_0131_000000000-JVTMF	92	67854	67854	34.3	30.0	0.17	14.53	0.00	54	301	67854	0.00	0.00	0.00	0.16	0.00	0.00	0.00	0.01	0.00	99.83
Sonnenburg_Project_005_Merged	301	301	210826_M04141_0131_000000000-JVTMF	93	67718	67718	34.7	31.0	0.27	12.14	0.00	52	301	67718	0.00	0.00	0.00	0.09	0.00	0.00	0.00	0.00	0.01	99.90
Sonnenburg_Project_005_Merged	301	301	210826_M04141_0131_000000000-JVTMF	94	57320	57320	34.7	30.7	0.11	15.04	0.00	53	301	57320	0.00	0.00	0.00	0.18	0.00	0.00	0.00	0.01	0.00	99.81
Sonnenburg_Project_005_Merged	301	301	210826_M04141_0131_000000000-JVTMF	95.A1	65311	65311	34.1	30.2	0.06	14.35	0.00	55	301	65311	0.00	0.00	0.00	0.13	0.00	0.00	0.00	0.00	0.00	99.87
Sonnenburg_Project_005_Merged	301	301	210826_M04141_0131_000000000-JVTMF	96	58268	58268	34.3	30.3	0.08	13.39	0.00	55	301	58268	0.00	0.00	0.00	0.14	0.00	0.00	0.00	0.00	0.00	99.86
Sonnenburg_Project_005_Merged	301	301	210826_M04141_0131_000000000-JVTMF	97	66561	66561	34.4	30.5	0.04	13.18	0.00	55	301	66561	0.00	0.00	0.00	0.11	0.00	0.00	0.01	0.00	0.00	99.88
Sonnenburg_Project_005_Merged	301	301	210826_M04141_0131_000000000-JVTMF	98	52488	52488	33.8	30.4	0.09	13.76	0.00	55	301	52488	0.00	0.00	0.00	0.24	0.01	0.00	0.00	0.01	0.00	99.74
Sonnenburg_Project_005_Merged	301	301	210826_M04141_0131_000000000-JVTMF	99	68105	68105	34.6	31.0	0.16	13.32	0.00	53	301	68105	0.00	0.00	0.00	0.18	0.00	0.00	0.00	0.00	0.01	99.81
Sonnenburg_Project_005_Merged	301	301	210826_M04141_0131_000000000-JVTMF	BLANK1	742	742	31.9	27.6	9.58	57.68	0.13	53	301	742	0.00	0.00	0.00	1.62	0.00	0.00	0.00	0.00	0.00	98.38
Sonnenburg_Project_005_Merged	301	301	210826_M04141_0131_000000000-JVTMF	BLANK10	7307	7307	33.9	30.1	0.43	23.29	0.00	54	301	7307	0.00	0.00	0.00	0.14	0.00	0.00	0.00	0.00	0.00	99.86
Sonnenburg_Project_005_Merged	301	301	210826_M04141_0131_000000000-JVTMF	BLANK11	52	52	33.0	28.3	7.12	61.54	0.00	53	301	52	0.00	0.00	0.00	3.85	0.00	0.00	0.00	0.00	0.00	96.15
Sonnenburg_Project_005_Merged	301	301	210826_M04141_0131_000000000-JVTMF	BLANK12	31	31	30.0	24.9	8.97	90.32	0.00	51	301	31	0.00	0.00	0.00	6.45	0.00	0.00	0.00	0.00	0.00	93.55
Sonnenburg_Project_005_Merged	301	301	210826_M04141_0131_000000000-JVTMF	BLANK2	302	302	28.3	23.2	22.96	76.82	0.00	52	301	302	0.00	0.00	0.00	2.98	0.00	0.00	0.00	0.00	0.00	97.02
Sonnenburg_Project_005_Merged	301	301	210826_M04141_0131_000000000-JVTMF	BLANK3	51390	51390	34.4	30.6	0.19	14.59	0.00	53	301	51390	0.00	0.00	0.00	0.12	0.00	0.00	0.00	0.00	0.00	99.88
Sonnenburg_Project_005_Merged	301	301	210826_M04141_0131_000000000-JVTMF	BLANK4	2790	2790	33.7	29.7	3.71	33.66	0.04	53	301	2790	0.00	0.00	0.00	0.79	0.00	0.00	0.00	0.00	0.00	99.21
Sonnenburg_Project_005_Merged	301	301	210826_M04141_0131_000000000-JVTMF	BLANK5	7736	7736	34.2	30.6	0.53	24.22	0.01	54	301	7736	0.00	0.00	0.00	0.18	0.00	0.00	0.00	0.01	0.00	99.81
Sonnenburg_Project_005_Merged	301	301	210826_M04141_0131_000000000-JVTMF	BLANK6	295	295	30.9	23.5	5.64	86.44	0.00	54	301	295	0.00	0.00	0.00	1.02	0.00	0.00	0.00	0.00	0.00	98.98
Sonnenburg_Project_005_Merged	301	301	210826_M04141_0131_000000000-JVTMF	BLANK7	16752	16752	34.3	30.5	0.30	18.89	0.00	54	301	16752	0.00	0.00	0.00	0.10	0.00	0.00	0.00	0.00	0.00	99.90
Sonnenburg_Project_005_Merged	301	301	210826_M04141_0131_000000000-JVTMF	BLANK8	4964	4964	33.8	29.6	1.34	27.94	0.00	56	301	4964	0.00	0.00	0.00	0.18	0.00	0.00	0.00	0.00	0.00	99.82
Sonnenburg_Project_005_Merged	301	301	210826_M04141_0131_000000000-JVTMF	BLANK9	1367	1367	32.6	27.0	1.35	55.16	0.00	55	301	1367	0.00	0.00	0.00	0.73	0.00	0.00	0.00	0.00	0.00	99.27
undef	301.00	301.00	210826_M04141_0131_000000000-JVTMF	Mean	58935.21	58935.21	33.94	30.37	0.19	15.72	0.00	54.08	301.00	58935.21	0.00	0.00	0.00	0.14	0.01	0.00	0.00	0.00	0.00	99.84	
