,metabolite,coef.x,stderr.x,pval.x,qval.x,coef.y,stderr.y,pval.y,qval.y,coef,stderr,pval,qval
1,OCTANOYLCARNITINE,-0.161149805488354,0.0344882384912696,5.95475625865984e-06,0.00073838977607382,-0.0745452254337742,0.039125845132461,0.0583483029944177,0.405537171831599,-0.1518435142692,0.0357982282440495,3.60792281198343e-05,0.00447382428685946
2,URACIL,0.36331558603718,0.137164636224539,0.00882653345239702,0.432873749128113,0.0687788800535514,0.106160784587102,0.517896162249469,0.920865456378965,0.302547837015226,0.0839360419631204,0.000408748267008706,0.0177241756559158
3,TAURINE,0.102886119762901,0.0397543882651973,0.010472751995035,0.432873749128113,0.0771475760059924,0.0340136901774866,0.0245156890047761,0.276358676053839,0.108787784374094,0.0341732622110811,0.00172610696127124,0.0535093157994084
4,GLUTAMIC ACID,0.0773050234632532,0.0324027808270866,0.018124556221804,0.545994563057829,0.0770711154149241,0.0298342038643161,0.0105837832348595,0.25738541231761,0.0893953443678373,0.0248935956114527,0.000428810701352802,0.0177241756559158
5,4-ACETAMIDOPHENOL,-0.281553226066916,0.121834993778783,0.0220159098007189,0.545994563057829,0.107206264725763,0.10408612848689,0.304410744346421,0.815460664446688,-0.170140916667915,0.106705946516593,0.112652968442381,0.609729347388546
6,HOMOCYSTINE,-0.308564489823148,0.150139918395658,0.0413648069758195,0.600927260816124,-0.0974754896215299,0.132518865370769,0.462961621098459,0.920865456378965,-0.27260748967519,0.110696997840607,0.0147708857771994,0.261422104779811
7,1,6-ANHYDRO-B-GLUCOSE,-0.0182801444544341,0.00918493229243124,0.0481404497662851,0.600927260816124,0.00133901273598587,0.00903640294548698,0.882367632397509,0.959768301906063,-0.0132992774247546,0.00816148556231886,0.105023146176128,0.609729347388546
8,1-AMINOCYCLOPROPANE-1-CARBOXYLIC ACID,0.0213313568922522,0.0109854388064889,0.0537875425768455,0.600927260816124,0.0276817224146491,0.0106469319528913,0.0101016321127562,0.25738541231761,0.0272381827679106,0.00968365004359947,0.00547934914182032,0.135887858717144
9,INDOLEPROPIONIC ACID,0.121866218276782,0.0630479597629467,0.054879878597231,0.600927260816124,0.113060253385116,0.0619420442762618,0.0696287140056558,0.405537171831599,0.137544746776209,0.0551928223133036,0.0136410467862111,0.261422104779811
10,5-AMINOPENTANOIC ACID,-0.0234158358218944,0.0121380599472224,0.0553519148756032,0.600927260816124,0.00796475996675063,0.0118718036458374,0.503150773037198,0.920865456378965,-0.0145312336062481,0.0107552907135604,0.178434848158109,0.609729347388546
11,CREATINE,0.0479325090621152,0.0255080749520624,0.0619110848279031,0.600927260816124,0.00296686611430824,0.0255786640847658,0.907790587549817,0.966819460026752,0.0374680344584634,0.0241001957860428,0.121850348921531,0.609729347388546
12,BUPROPION,0.44229645414596,0.238430983375916,0.065293741258688,0.600927260816124,0.00844682853324954,0.260504848306312,0.974169378504346,0.991739597576432,0.338149894921388,0.229858682722049,0.143075040894223,0.609729347388546
13,DEOXYCARNITINE,-0.0255338449993973,0.0138153128594954,0.0662764918385378,0.600927260816124,0.00507678842459167,0.0149587851386926,0.734717510603635,0.920865456378965,-0.0172916102256396,0.0129548231546946,0.183708088100876,0.609729347388546
14,CYSTINE,-0.0528501687228283,0.0293569813510521,0.0735619273317583,0.600927260816124,0.0127819829586959,0.0260358608396164,0.624071925823677,0.920865456378965,-0.0348790579183073,0.0227505872202756,0.127076465928583,0.609729347388546
15,3-HYDROXYPROPIONIC ACID,-0.0237371649334699,0.0134931898079848,0.0803120334381522,0.600927260816124,0.00458223011178648,0.0116856833738242,0.695433502808473,0.920865456378965,-0.016129925253024,0.0114824321862819,0.161889146588026,0.609729347388546
16,DECANOYLCARNITINE,-0.303733122783175,0.178390139832509,0.0904325842200094,0.600927260816124,0.04957659698737,0.154708070557277,0.74899906746061,0.920865456378965,-0.210022409469634,0.153779247846844,0.173793676722173,0.609729347388546
17,ORNITHINE,0.0360602954368322,0.0212460051738635,0.0914430762536635,0.600927260816124,0.0309771629540515,0.0186939008320487,0.0992563504401259,0.405537171831599,0.0397067950357412,0.0173052477028743,0.0229635971350145,0.261422104779811
18,2-METHOXYCINNAMALDEHYDE,-0.138335132812568,0.0821821385149566,0.0941255636502235,0.600927260816124,0.0291658796502519,0.0807969875057738,0.718542070523957,0.920865456378965,-0.0930153156477511,0.0681829665531775,0.174276197575105,0.609729347388546
19,DOXYLAMINE,-0.29221958851055,0.174683845887777,0.0961645315913077,0.600927260816124,-0.0832529429171387,0.164625501887919,0.613681659812849,0.920865456378965,-0.254536959408424,0.15917968465083,0.111633264979197,0.609729347388546
20,METHIONINE,-0.0337164369906782,0.0202014396673687,0.0969237517445362,0.600927260816124,0.038461977718438,0.0203714309316146,0.0606391238291213,0.405537171831599,-0.0101063661172477,0.0178287178671117,0.57154482927005,0.962931118655591
21,HYPOXANTHINE,0.0463806446770016,0.0297200953365137,0.120449866653235,0.707121965646086,0.0492652691888105,0.0279460048060788,0.0796283241011223,0.405537171831599,0.0548466625455621,0.0241705112494893,0.02449381497919,0.261422104779811
22,URIDINE,-0.0289461139188875,0.0187996674550569,0.125457122937209,0.707121965646086,0.00383899718572817,0.0185788630101733,0.836531718778283,0.942803438586914,-0.0203703068499609,0.016407736186484,0.216099432170206,0.669908239727637
23,HOMOCITRULLINE,-0.0437575960502424,0.0291928690623371,0.135718536184007,0.70986278447706,0.0232464993375043,0.0298425745905331,0.43702540824602,0.920865456378965,-0.0238036233770646,0.0255973332438653,0.353705218331429,0.853081297643217
24,PROPYLPARABEN,-0.0616574146471732,0.0418124531581541,0.142132628231824,0.70986278447706,0.00321603681498449,0.0441238031065317,0.941977685923702,0.981556580290244,-0.0453784496934642,0.0370280313231076,0.22204658358656,0.671555521091061
25,N-ACETYL-TYROSINE,0.126819751562264,0.0869580791396876,0.14654313035419,0.70986278447706,0.00947752079592313,0.085871770284648,0.912240942122016,0.966819460026752,0.0997851686927988,0.0703486841623591,0.157862166201682,0.609729347388546
26,2-AMINO-2-METHYLPROPANOIC ACID,-0.0329174897408903,0.0229342228842321,0.153007112254956,0.70986278447706,0.0121998628266572,0.0214815606660507,0.570799233588697,0.920865456378965,-0.0200257011960904,0.0195475384160251,0.307047682464066,0.802835051021742
27,PYRIDOXAMINE,-0.0295709296635554,0.0206813112000525,0.154566896620005,0.70986278447706,0.000158873140264444,0.0153240993517546,0.991739597576432,0.991739597576432,-0.0223179564147389,0.0159335992648017,0.163099322769456,0.609729347388546
28,PYROGLUTAMIC ACID,0.0228331992549698,0.016358085325046,0.164552768554562,0.72873368931306,0.0373495039382946,0.0142789800646489,0.00966463234018651,0.25738541231761,0.0322490750743994,0.0136213231697377,0.0190111118285412,0.261422104779811
29,PHENOLSULFONIC ACID,-0.118517156614686,0.0861558340081067,0.170719673344845,0.729973775681408,0.0340535836910142,0.0941930939496794,0.718130026158464,0.920865456378965,-0.0760568473677266,0.0824793204063625,0.357743769979413,0.853081297643217
30,4-QUINOLINECARBOXYLIC ACID,-0.0391630480698693,0.0295601358981073,0.186964811571091,0.755731732273683,0.00782912349740566,0.0200475012909245,0.696610046753592,0.920865456378965,-0.0265043248537943,0.0244202056397542,0.279279388750391,0.802835051021742
31,INOSINE,-0.147657245749106,0.11331331716134,0.194276350790851,0.755731732273683,-0.18163518890925,0.103924999311429,0.0822215878344841,0.405537171831599,-0.184545536664762,0.0889186101065386,0.039425002061821,0.349192875404701
32,PHOSPHOCHOLINE,0.0379929755015488,0.0293580367690158,0.197347071098778,0.755731732273683,0.0111969454732345,0.0288683067052977,0.698578333149905,0.920865456378965,0.0332430555076575,0.0240271193174968,0.168274677856541,0.609729347388546
33,N-ACETYLTRYPTOPHAN,0.0303600662351621,0.0236587993087383,0.201122154556706,0.755731732273683,0.0544882326800364,0.023736218349983,0.0228598022677397,0.276358676053839,0.0448140228384035,0.0196859709304818,0.0240447712424243,0.261422104779811
34,N-ACETYLNEURAMINATE,0.105924238859352,0.0862082583462408,0.220852426894477,0.792493194272602,0.117824057533305,0.0652854768975469,0.0727943787386794,0.405537171831599,0.127387597687232,0.063459725632752,0.0462661925493802,0.367046644943043
35,TRYPTOPHAN,0.0161323228503163,0.0134118594354541,0.230681782430939,0.792493194272602,0.0216757029052138,0.0123572736853507,0.0811273563489021,0.405537171831599,0.0208963442405666,0.0109872890815656,0.0588505909414788,0.429263133926081
36,ASPARAGINE,0.0178003159362372,0.0150389168219536,0.238188579531501,0.792493194272602,0.0283667316211013,0.0136948142112415,0.0397606652859397,0.328688166363768,0.024840115663239,0.0118579251020311,0.0376442881892172,0.349192875404701
37,CHOLINE,0.016898765089829,0.0143415785662837,0.240292933876544,0.792493194272602,0.0335208259423145,0.0137207205418314,0.0155332274462463,0.25738541231761,0.026223155567546,0.0116218032981863,0.0252989133657882,0.261422104779811
38,ISOVALERYLGLYCINE,0.0230655410971909,0.019682689062217,0.242860817599668,0.792493194272602,0.0279431401658744,0.0187153745522085,0.137182507404669,0.496019941210463,0.0286555089115603,0.0157476184958502,0.0705375068491908,0.478035828585432
39,GUANOSINE,-0.18251636605643,0.159098496672291,0.25288673347563,0.804050126948157,-0.220177323982017,0.12995909548292,0.091965546470429,0.405537171831599,-0.226374705509114,0.113340741011483,0.0473608574120055,0.367046644943043
40,SN-GLYCERO-3-PHOSPHOCHOLINE,0.0267990493542133,0.0237377398715626,0.260476156411314,0.807476084875074,-0.00199430125801218,0.0239891795040476,0.933838388449908,0.981321696337192,0.0194844650335031,0.0200919551141037,0.333517737569053,0.827600986169396
41,1,5-ANHYDRO-GLUCITOL,-0.025342850141576,0.0235369537765767,0.283101881280304,0.845464399885046,-0.00282919867780616,0.0206915287331848,0.891396124494208,0.96115756032419,-0.0203152237277316,0.0178739143127355,0.257283714486107,0.759599538006601
42,NIFEDIPINE,0.0744290296330405,0.069597083836323,0.286366974154612,0.845464399885046,-0.0898097277232342,0.0600734500875581,0.136675649753006,0.496019941210463,0.0203442495059804,0.0594402890052582,0.732567949385164,0.981903405796484
43,SEROTONIN,-0.0272259919296971,0.0264496200185299,0.304750877187028,0.864808193354169,0.00886998943314955,0.0278011554644491,0.750059766889318,0.920865456378965,-0.0170523080968442,0.0227890003340442,0.455313799437901,0.910627598875801
44,CATECHOL,-0.0466527820973306,0.0455218139826131,0.306867423448254,0.864808193354169,0.0108272109805366,0.0398869351435401,0.786359631410166,0.929319391233234,-0.0309717224298466,0.0396209021254003,0.435458468643826,0.899947501863908
45,1-METHYLNICOTINAMIDE,-0.0364481537114439,0.0362824282688284,0.316508091103401,0.872155628818261,0.0275285365209997,0.0344117627029672,0.424785880723737,0.920865456378965,-0.0165553137266405,0.0305312870688916,0.588350313456719,0.962931118655591
46,BETAINE,-0.0179625032325413,0.0194487794221174,0.356991406393479,0.944382109676806,0.0405834355974485,0.0250085076802052,0.106395208996723,0.412281434862302,0.00266759255551514,0.0189006704944455,0.887925562694715,0.981903405796484
47,2-METHYLHIPPURIC ACID,0.0833523444174172,0.0924740687681618,0.368650537881161,0.944382109676806,0.0994607067572079,0.0865008421658263,0.251750453674293,0.743263244181246,0.102944637545174,0.0752836094343639,0.173266271223588,0.609729347388546
48,PHENYLALANINE,-0.0163933060326808,0.0183989378238323,0.374170942800535,0.944382109676806,0.00818130995189073,0.0130417321172837,0.531250348046684,0.920865456378965,-0.00912924855169257,0.0169193150274193,0.590183588853427,0.962931118655591
49,INDOLEPYRUVIC ACID,0.017001683502759,0.019477046172795,0.383922798386973,0.944382109676806,-0.00426112447078565,0.0171502851586667,0.804064930956144,0.929935091556034,0.0111606563698101,0.0165863567638607,0.501920355657299,0.96219381837079
50,3-AMINOSALICYLIC ACID,0.0244591366349919,0.0294689949357678,0.407685127692839,0.944382109676806,0.0150698696198306,0.0268046464859419,0.57467555609988,0.920865456378965,0.0245515747606114,0.023754237209948,0.302781711355927,0.802835051021742
51,MALIC ACID,0.186336474016347,0.228443815299945,0.415806232046624,0.944382109676806,-0.397824859236077,0.217472242892797,0.0690165059287558,0.405537171831599,-0.0183865218388874,0.168252669212441,0.913107674334075,0.981903405796484
52,BETAINE,-0.0235164707436069,0.0302631448331673,0.438180878947373,0.944382109676806,0.0343535819503084,0.0282898413680162,0.226216229761016,0.70127031225915,-0.0040325849959447,0.0238336908729014,0.865839493511331,0.981903405796484
53,OCTYL GALLATE,-0.092885678589621,0.120992991466042,0.443715120013637,0.944382109676806,0.25899271828898,0.137576829118072,0.0613863842154594,0.405537171831599,0.0334831532713993,0.148054564581056,0.821348507605699,0.981903405796484
54,ALANINE,0.0104013437225791,0.0140816446025409,0.461123182513927,0.944382109676806,0.0381835173286284,0.01357728578648,0.00546783475965645,0.25738541231761,0.0231738770757519,0.0128583268971176,0.0732474253477678,0.478035828585432
55,4-AMINOPHENOL,-0.105403793799233,0.147733780767538,0.476515614654225,0.944382109676806,0.143480041832005,0.165630282521153,0.387503420398519,0.912386906455537,-0.0222810497333714,0.126969780490282,0.86090528037862,0.981903405796484
56,5-HYDROXYINDOLE,-0.0261506654717028,0.0369582520784892,0.480162509443615,0.944382109676806,-0.0140483453189591,0.0358000181180142,0.695220915454572,0.920865456378965,-0.0254225013854207,0.0297821212631255,0.394498055308064,0.858206295757893
57,1-METHYLXANTHINE,-0.144341345813113,0.207944686148585,0.488529620859027,0.944382109676806,-0.348283983991854,0.205418572258922,0.0917222449256903,0.405537171831599,-0.248817127050361,0.175274969607987,0.157528903206989,0.609729347388546
58,5'-METHYLTHIOADENOSINE,-0.0233135083741366,0.03487424443493,0.50470407593366,0.944382109676806,0.0153284215952175,0.0328862415962393,0.641707475354507,0.920865456378965,-0.0115029371398803,0.0150213451107812,0.444855034827473,0.904295480632895
59,PANTOTHENIC ACID,-0.0223671389131946,0.033937354863312,0.510726231684839,0.944382109676806,0.00591129108296556,0.0299890390141322,0.843961142606028,0.942803438586914,-0.0145603852104727,0.0252989975967146,0.565679333695432,0.962931118655591
60,TRIMETHYLAMINE N-OXIDE,-0.0392264012769314,0.0606912903248703,0.518924287021811,0.944382109676806,-0.102781973604697,0.0624187915502591,0.1013842929579,0.405537171831599,-0.070877563032534,0.0509627547510566,0.166080943085611,0.609729347388546
61,ASP-PHE,0.060669111392082,0.104503602837215,0.562302164568936,0.944382109676806,0.107529833974343,0.0902465455648516,0.235030111073463,0.710822774953889,0.0890097189476275,0.0830199069670928,0.285146413267567,0.802835051021742
62,GALACTITOL,-0.05947350122068,0.104211834568931,0.568944803356677,0.944382109676806,0.0548858225501345,0.0958397700586457,0.567577873497229,0.920865456378965,-0.0230198099069209,0.0763897805803148,0.763512019867495,0.981903405796484
63,XANTHURENIC ACID,0.0305841564413314,0.0538261515816236,0.570634201477691,0.944382109676806,-0.0673739302176799,0.0553904657175215,0.225454923013635,0.70127031225915,-0.00385030542118049,0.048068231172627,0.936249643589176,0.981903405796484
64,PROPIONYLCARNITINE,0.0189558364349482,0.0336804708246465,0.574290259170593,0.944382109676806,0.0551932307079716,0.0318960452799014,0.0852805218975604,0.405537171831599,0.0364649129432917,0.0275165474897899,0.186852541941651,0.609729347388546
65,5-HYDROXYMETHYL-2-FURANCARBOXYLIC ACID,-0.0206205974652507,0.0378452117949392,0.586546865726846,0.944382109676806,0.0173056382402386,0.0350336972693789,0.621932110968137,0.920865456378965,-0.00867239700790084,0.0284986156524733,0.761257907324339,0.981903405796484
66,ARGININE,-0.00926670850063262,0.0172670094254939,0.592184153685473,0.944382109676806,-0.0135465967779072,0.0135039162627788,0.317137536115283,0.815460664446688,-0.0124423192634239,0.014268709779861,0.384416790967417,0.85451309690094
67,TRIGONELLINE,-0.0263087470808265,0.0497673038152477,0.59773609270569,0.944382109676806,0.0110631184008601,0.0406821084657816,0.785981070232443,0.929319391233234,-0.0154792099391664,0.0329976435751885,0.639588456212016,0.979755206493937
68,4-HYDROXY-PHENYLGLYCINE,0.0316551781346131,0.0627494939085433,0.614573721188421,0.944382109676806,0.0658889487813353,0.0663792923729236,0.322238488370062,0.815460664446688,0.0503628856350871,0.0570187248362076,0.378316574020782,0.85451309690094
69,ELAIDIC ACID,-0.0358727225381105,0.0715882451675431,0.616939182316056,0.944382109676806,0.0508658121506395,0.059952626892,0.397329781843541,0.912386906455537,-0.00676781374492258,0.062445502087379,0.913820241736814,0.981903405796484
70,5-HYDROXY-TRYPTOPHAN,-0.0100599452717231,0.0202269345784509,0.619571013991249,0.944382109676806,-0.0121427252002383,0.0194115910747861,0.532413475548312,0.920865456378965,-0.0124801289233185,0.013824541168275,0.367912876550843,0.85451309690094
71,LISINOPRIL,0.145765278799077,0.296110787423993,0.62315540854605,0.944382109676806,0.121279877351074,0.279428738295877,0.664790839506612,0.920865456378965,0.158927306283206,0.251121865786634,0.527654674590433,0.96219381837079
72,5-HYDROXYINDOLE-3-ACETIC ACID,0.0133851664390847,0.0283140388546177,0.636994854574769,0.944382109676806,0.0345607051090692,0.0235025839702385,0.143180222230619,0.496019941210463,0.023980497549082,0.0235115198219518,0.30917792825877,0.802835051021742
73,METFORMIN,-0.137194587027356,0.290793391964292,0.63766831044474,0.944382109676806,0.19210732796461,0.274688270750854,0.485231828417313,0.920865456378965,-0.026856382664764,0.218736978247511,0.902424347973336,0.981903405796484
74,ACETYL-CARNITINE,-0.0304573826797519,0.0656728752861327,0.643392551173062,0.944382109676806,0.0113675203303568,0.0700168812057246,0.871210225191928,0.956018300210611,-0.0184972426943085,0.0577386793064523,0.749081014821249,0.981903405796484
75,CREATININE,-0.00831666463025922,0.0180523084517842,0.645593796679785,0.944382109676806,0.00895723442123424,0.0171340251279231,0.601777522488915,0.920865456378965,-0.00270526967963682,0.0150678788283754,0.857724723241138,0.981903405796484
76,OMEGA-HYDROXYDODECANOIC ACID,-0.0377586990892272,0.0841241978387761,0.654105420886199,0.944382109676806,-0.0331069048474364,0.0807068904720323,0.682141269095163,0.920865456378965,-0.0418457348881265,0.0737041664541317,0.570939024225439,0.962931118655591
77,1-METHYLURIC ACID,0.0336872187313002,0.0771054261037599,0.662730039618123,0.944382109676806,-0.0277143904223788,0.0778980045994893,0.722425814417448,0.920865456378965,0.0143911420420213,0.0442907438775116,0.745630899620939,0.981903405796484
78,BETA-LACTOSE,0.00646889666830629,0.0148377434018853,0.663397840307751,0.944382109676806,-0.00884513523115033,0.0138603796024867,0.524185320499191,0.920865456378965,0.0013516541421327,0.0125068724345314,0.914063093047255,0.981903405796484
79,PUTRESCINE,0.00964417466745825,0.0230290788972171,0.675894573878089,0.944382109676806,0.0192950351227341,0.020390073532332,0.345273548378252,0.856278399978064,0.0150315925818898,0.0179202968686579,0.402737574274162,0.861025158793037
80,SERINE,-0.00735895081171874,0.0177345763636499,0.678693115422032,0.944382109676806,0.00419298618701561,0.015488676950631,0.7869236780604,0.929319391233234,-0.0038895776144025,0.0146496641464104,0.790935604201649,0.981903405796484
81,HIPPURIC ACID,0.0291724995981956,0.0709331896084079,0.681385581409264,0.944382109676806,-0.0659636192067015,0.0718829855001256,0.360035467554319,0.87538035248501,-0.00435360389477398,0.0600734523230907,0.942310526530497,0.981903405796484
82,1,7-DIMETHYLURIC ACID,0.0281152455240695,0.0687295353377318,0.682993685568842,0.944382109676806,0.00168234131116382,0.0611756705353346,0.978091439839125,0.991739597576432,0.0219540109310547,0.0570147343344232,0.700667027271222,0.981903405796484
83,3-HYDROXYINDOLE,-0.0166038416616528,0.042048798169412,0.693424665127099,0.944382109676806,0.0286282303555713,0.0402447867233748,0.477791780932042,0.920865456378965,-0.0010948852284552,0.0334141557905431,0.973898082300773,0.989863624633573
84,LYSINE,-0.0111424279672776,0.0289874201912052,0.701162676380496,0.944382109676806,-0.00363472136219614,0.0219330555355546,0.868565209658982,0.956018300210611,-0.00989001730452913,0.0217686100659254,0.650164645153681,0.979755206493937
85,2-AMINOBENZOIC ACID,0.0157954919860681,0.0415405194633496,0.704231474327484,0.944382109676806,0.0215687836051405,0.0389456349346065,0.580394739939303,0.920865456378965,0.0205985580929393,0.0337079691283924,0.54194296380357,0.962931118655591
86,3-METHYLHISTIDINE,0.0201999485961429,0.053147041358375,0.704354739738599,0.944382109676806,0.0173528572106734,0.0494291176854588,0.725952069276345,0.920865456378965,0.0222427476281571,0.0438452784580348,0.612589804107261,0.978138747889285
87,BIOTIN,0.10206004637709,0.270239777448319,0.706142569232938,0.944382109676806,-0.34122478186228,0.255117262235663,0.182749508813116,0.596340502442799,-0.0594921961017946,0.229129271783282,0.795446597064253,0.981903405796484
88,PHENYLACETYL-GLUTAMINE,-0.0194314516463246,0.0517044839576431,0.707512982142919,0.944382109676806,0.0315096239213452,0.0524624466339657,0.548857530619099,0.920865456378965,-0.00208038091746206,0.043787912684277,0.962161249510024,0.989395674360288
89,AMINO(4-HYDROXYCYCLOHEXYL)ACETIC ACID,-0.00931613694218123,0.0253631086190139,0.713836332474544,0.944382109676806,0.000439581362461852,0.0219201943990996,0.984022857562229,0.991739597576432,-0.00687503649476793,0.0190848170449502,0.719110141914998,0.981903405796484
90,CARNITINE,-0.00652502559636264,0.0178975599564016,0.715872985996508,0.944382109676806,0.0288610260672856,0.0196673328080251,0.144005789383683,0.496019941210463,0.00662684952431352,0.0165194561067314,0.688801629130033,0.981903405796484
91,NEPSILON,NEPSILON,NEPSILON-TRIMETHYLLYSINE,-0.00963004800263688,0.026609932891497,0.717870846031841,0.944382109676806,-0.0123845839171885,0.0286418279723847,0.665974797245445,0.920865456378965,-0.01225166888699,0.024334904481079,0.615280825285196,0.978138747889285
92,CINNAMALDEHYDE,-0.0132333897835183,0.0374220075754282,0.724049861238507,0.944382109676806,-0.00867064871964951,0.0333046484298466,0.794898058806582,0.929880748037888,-0.0134906746631171,0.0302151576214961,0.655803888217716,0.979755206493937
93,TRYPTOPHAN ETHYL ESTER,-0.0205059334028191,0.0593969026887798,0.730336551113648,0.944382109676806,0.0103405367131586,0.0493394626819744,0.834234268559083,0.942803438586914,-0.0113767417532936,0.0493980003557282,0.818124755912919,0.981903405796484
94,OMEPRAZOLE,-0.0769414504538209,0.224423192858675,0.732134368167322,0.944382109676806,-0.169770168637381,0.228574476505446,0.458615992477935,0.920865456378965,-0.126267541025989,0.197299728318002,0.52303336337144,0.96219381837079
95,PROPIONYLGLYCINE,-0.00519160312077019,0.0152395066964585,0.73376731894974,0.944382109676806,0.0305008691696775,0.0142408283379466,0.0335622914838514,0.297266010285541,0.0082932251165171,0.0129082898168348,0.521416753039402,0.96219381837079
96,ADENOSINE,-0.105953643970008,0.311409471086344,0.734089326103697,0.944382109676806,-0.19800828033348,0.294674775414945,0.502478502913236,0.920865456378965,-0.15954215171972,0.245606197268922,0.516821736890534,0.96219381837079
97,PHENYLACETIC ACID,0.0226704374839949,0.072561052398756,0.755088058995174,0.944382109676806,-0.0677540969674702,0.0627818844713764,0.281951425058424,0.813069225749873,-0.00999237932438384,0.0614964482819969,0.87111192234539,0.981903405796484
98,ALLOTHREONINE,-0.00544519347110957,0.0177086853979509,0.75884244050234,0.944382109676806,0.0268757458240783,0.0160476463397036,0.0957300976521979,0.405537171831599,0.0066485888153144,0.0148234510659341,0.654340451084488,0.979755206493937
99,PHENYLALANINE,-0.00410124054007774,0.0135496792267452,0.762496039382264,0.944382109676806,0.00893399661394019,0.012031643933246,0.458732544996343,0.920865456378965,0.000475985055021037,0.0109756433349148,0.965458682238668,0.989395674360288
100,PROLINE,-0.0061239972106161,0.0203515482936442,0.763843983806789,0.944382109676806,0.0402453960250104,0.0160026235368782,0.012786717076833,0.25738541231761,0.0114924486948793,0.017936275930515,0.522540917824467,0.96219381837079
101,1-METHYLXANTHINE,0.0667256302792874,0.227063339404776,0.769214460301269,0.944382109676806,-0.0957867149749536,0.195013983982564,0.623901743309307,0.920865456378965,0.0121185430707997,0.155304098731395,0.937893525418848,0.981903405796484
102,PARAXANTHINE,0.0286212946515547,0.112015746553878,0.798631708498148,0.966275299699969,-0.161265586131135,0.155463679932386,0.300985991212196,0.815460664446688,-0.0429612449870389,0.124663241619877,0.730799858359695,0.981903405796484
103,GLUTAMINE,0.00203911530083698,0.00814582313394255,0.802631902170136,0.966275299699969,0.0179550725094035,0.0071966588383211,0.0135043285121887,0.25738541231761,0.00873851681902863,0.00633466237615374,0.169528455692956,0.609729347388546
104,7-METHYLXANTHINE,-0.0189221064400167,0.0922300998509364,0.837686798826609,0.980363194848219,-0.190991665245099,0.0841001766668505,0.0243377941956099,0.276358676053839,-0.0908580159384611,0.0722959806456046,0.210538172466089,0.669403420148592
105,ALLO-ISOLEUCINE,-0.00211864043964506,0.0107524061004787,0.84402852800443,0.980363194848219,0.021400269130142,0.00989770216502213,0.0319342437676095,0.297266010285541,0.00697219478580992,0.00882376172916078,0.430515346569352,0.899947501863908
106,N-BUTYRYLGLYCINE,0.00743204476346128,0.0443201520618507,0.867023055627058,0.980363194848219,0.0129260583763891,0.0430724776121643,0.76444896556835,0.929319391233234,0.0108050315000655,0.0399968624236077,0.78736917367948,0.981903405796484
107,INDOLEACETIC ACID,0.0119236790241957,0.0795383911648622,0.881009470106034,0.980363194848219,-0.0242020756172082,0.0640095502070159,0.705803559808389,0.920865456378965,-0.000673735467074946,0.0594384662350239,0.990969226825006,0.998121879405631
108,INDOLELACTIC ACID,-0.00633251456147501,0.0428457270660665,0.882674271443972,0.980363194848219,0.0207401047075045,0.0370732891990754,0.576564025143255,0.920865456378965,0.00351825278098475,0.0326185940482516,0.914231463983507,0.981903405796484
109,3-METHYLCATECHOL,0.0118392655560389,0.0828661376062856,0.886557398227222,0.980363194848219,-0.0398720506907921,0.0680125904943579,0.558449312988951,0.920865456378965,-0.00701706989973892,0.0612529702846682,0.908927645404972,0.981903405796484
110,AZELAIC ACID,0.014999158821766,0.11557946084131,0.896896340685622,0.980363194848219,-0.0595388427820664,0.0902191344946946,0.51014323483345,0.920865456378965,-0.0125065042118979,0.0944918318245444,0.894857003031375,0.981903405796484
111,SUBERIC ACID,0.00942341798194171,0.0741096574774495,0.89896534664136,0.980363194848219,0.00248714275602337,0.0595355883835302,0.966724042697668,0.991739597576432,0.00812906415156971,0.059544469994743,0.891568249511546,0.981903405796484
112,1,5,6,7-TETRAHYDRO-4H-INDOL-4-ONE,0.00344976839982891,0.0290007022547095,0.905449299119811,0.980363194848219,0.0256494306164964,0.0299826939215177,0.393432133136173,0.912386906455537,0.0128895780732205,0.023289638168328,0.580671977357524,0.962931118655591
113,4-METHYLCATECHOL,-0.00704951610596122,0.0674624273839058,0.916897234125917,0.980363194848219,-0.0199115862253148,0.0620782798473798,0.748774276351914,0.920865456378965,-0.0133148205620578,0.0520288547709135,0.798322639964273,0.981903405796484
114,HISTIDINE,0.00260107192866077,0.0253114244644127,0.918270279216526,0.980363194848219,-0.00479800489318393,0.0199207533733437,0.809943466839126,0.929935091556034,4.59883112983274e-05,0.0195090469910136,0.998121879405631,0.998121879405631
115,THEOPHYLLINE,0.00526018721234482,0.0554255518596436,0.924499759869348,0.980363194848219,-0.0535789031723626,0.0532333122963273,0.315537584888591,0.815460664446688,-0.0174893971977733,0.0461208980522829,0.704998703339233,0.981903405796484
116,4-PYRIDOXIC ACID,-0.00464568804156247,0.0519450194157518,0.928839888413859,0.980363194848219,0.0186425871133727,0.058360031924562,0.74976462345371,0.920865456378965,0.00395443653038453,0.0485632491626879,0.935195248234324,0.981903405796484
117,3-METHYLXANTHINE,0.00935185842780713,0.106840077295373,0.930350385842719,0.980363194848219,-0.243343160219937,0.133807233490287,0.0706423455233346,0.405537171831599,-0.0904369029286318,0.104038915391142,0.385909140535908,0.85451309690094
118,SUBERIC ACID,-0.00604287637512638,0.0746166054372825,0.935546956181262,0.980363194848219,-0.0303422620128889,0.0601555364714599,0.614602865060998,0.920865456378965,-0.0167328102560578,0.0620312815237609,0.787675664181392,0.981903405796484
119,4-ACETAMIDOBUTANOIC ACID,-0.00115130222352494,0.0154887343008691,0.940832420862404,0.980363194848219,0.0213797893037922,0.0154118407966299,0.167096017841023,0.559997465196941,0.00769614606801547,0.0141210264778098,0.586446344420111,0.962931118655591
120,KYNURENINE,0.000907530615075272,0.0153597639926138,0.952952654466696,0.983200595973428,0.0146276581814378,0.0145610148043255,0.316456716195714,0.815460664446688,0.00654864607196652,0.0139686463024415,0.639795408495012,0.979755206493937
121,5,6-DIHYDRO THYMINE,-0.000922221682328512,0.0180957666362925,0.959413484780522,0.983200595973428,-0.00577637127981722,0.0166282134116605,0.728711142083094,0.920865456378965,-0.00301278103200356,0.0146300054204724,0.837086445171009,0.981903405796484
122,TYROSINE,-0.000551039837586649,0.0141974331544365,0.969084521030303,0.984971152522603,0.0286704730871378,0.0131909636091117,0.0310565578944442,0.297266010285541,0.0110720746560596,0.011421837694511,0.333710075068305,0.827600986169396
123,CITRULLINE,0.000365245768117034,0.0131936603698235,0.97794654820721,0.985897333151984,0.0273920254719811,0.0113280466415304,0.0166055104721039,0.25738541231761,0.0112532786810538,0.0110697881574153,0.310774858460029,0.802835051021742
124,2,6-DIMETHOXYBENZOIC ACID,-0.000583706856746666,0.0847828852209014,0.994514760128012,0.994514760128012,-0.0590033552696695,0.0713883585100328,0.409613896505367,0.920865456378965,-0.0240862648230714,0.06830159880563,0.724783339703391,0.981903405796484
